2.30259
2.26648
2.22702
2.20024
2.15979
2.16125
2.13734
2.09974
2.05766
2.04888
2.03906
2.01278
2.00372
1.9188
1.93059
1.92674
1.85452
1.80608
1.8069
1.77991
1.76168
1.69482
1.72894
1.72921
1.72109
1.64118
1.65876
1.6688
1.5379
1.62266
1.693
1.58617
1.59843
1.56691
1.5623
1.56051
1.47341
1.50058
1.46399
1.51085
1.44671
1.46877
1.37648
1.47721
1.4519
1.25637
1.37831
1.41952
1.40092
1.37161
1.3199
1.35592
1.26307
1.25131
1.19007
1.24311
1.27227
1.34722
1.31791
1.21828
1.08438
1.12255
1.20018
1.19703
1.21889
1.05373
1.16257
1.24997
1.33509
1.16885
1.22177
1.23367
1.44573
1.35832
1.2492
1.21431
1.2338
1.2504
1.12833
1.10486
1.03914
1.17888
1.2555
1.11553
1.15263
0.937686
1.15587
1.28505
1.27124
0.98515
1.00105
1.06783
1.10419
1.05606
0.971804
1.11246
0.984595
0.982281
0.926463
0.93256
0.996106
1.03285
0.995912
0.807721
0.899975
0.918632
0.954496
1.04564
0.858736
0.932184
0.808473
0.953559
0.960706
0.941351
0.86759
1.06007
1.0509
1.11758
0.987869
0.991307
0.922704
0.886069
0.948168
1.05992
0.99606
1.00673
1.10666
0.936984
0.931722
1.0134
1.10222
1.0032
0.872132
1.02465
0.761563
0.714188
0.981142
0.979137
0.936726
1.11549
0.915967
0.958533
0.995252
1.09279
0.901998
1.02414
1.21319
1.19142
0.939488
0.870453
0.762891
0.979263
0.847122
0.847491
0.850169
0.831417
0.816747
1.10207
1.06167
0.887105
0.995075
0.858108
0.807538
0.820826
0.774927
0.75898
0.849712
0.937694
0.969878
0.990143
0.946342
0.816425
0.922684
0.750613
0.889794
1.09133
1.00899
0.998936
0.968945
0.707981
0.85102
0.664922
0.782378
0.800877
0.920057
0.752117
0.788988
0.729311
0.747247
0.742009
0.939759
0.860934
0.746953
0.798718
0.672038
0.787071
0.620061
0.550372
0.757764
0.879801
0.947961
0.823826
0.830311
0.735181
0.646535
0.769848
0.665552
0.803163
0.828518
0.925777
0.738778
0.68733
0.622352
0.856008
0.742083
0.791833
0.739504
0.649658
0.555961
0.5877
0.733963
0.960689
0.803475
0.657457
0.871792
1.12909
0.808666
0.68461
0.686367
0.608013
0.719897
0.732784
0.634951
0.688852
0.717565
0.709135
0.802149
0.805108
0.774505
0.744755
0.693576
0.655437
0.844086
0.712806
0.72913
0.772348
0.759559
0.925251
0.708841
0.845318
0.634456
0.661036
0.671529
0.669656
0.595174
0.595571
0.616982
0.638013
0.78832
0.713841
0.597129
0.597444
0.697459
0.834873
0.793884
0.794018
0.808595
0.776584
0.769527
0.638559
0.63443
0.802126
0.720896
0.69715
0.742494
0.635447
0.696298
0.766293
0.662732
0.538393
0.490102
0.661654
0.56414
0.756347
0.559696
0.615126
0.850166
0.676461
0.589944
0.65431
0.701774
0.877089
0.671102
0.682751
0.53546
0.67883
0.642979
0.872499
0.880381
0.893283
0.80247
0.970523
0.622304
0.635664
0.752389
0.794721
0.877559
0.747921
0.773853
0.642044
0.702512
0.694672
0.764091
0.96421
0.763589
0.688104
0.846902
0.877108
0.652996
0.679124
0.615832
0.789592
0.88723
0.792045
0.86317
0.728764
0.608188
0.719817
0.594628
0.61457
0.744417
0.617498
0.694647
0.798477
0.687368
0.651823
0.56923
0.589397
0.43907
0.489648
0.701942
0.57194
0.497328
0.595184
0.683142
0.69654
0.677456
0.723003
0.813886
0.650563
0.561506
0.694776
0.665762
0.580194
0.640913
0.579958
0.747669
0.572083
0.572095
0.702979
0.813239
0.556832
0.478355
0.554457
0.800205
0.52058
0.447861
0.534743
0.630595
0.522942
0.624063
0.643972
0.648697
0.798184
0.848112
0.741157
0.587376
0.619612
0.663311
0.619633
0.676994
0.521721
0.655115
0.711068
0.514242
0.73269
0.721521
0.545397
0.475835
0.488744
0.481275
0.509444
0.534021
0.783143
0.809084
0.600652
0.67198
0.776017
0.714373
0.719336
0.565441
0.545732
0.559588
0.5539
0.641999
0.653416
0.56265
0.573549
0.487771
0.513098
0.688483
0.597741
0.686087
0.814276
0.809336
0.77324
0.570053
0.738162
0.572244
0.604772
0.551408
0.739517
0.752373
0.796762
0.714596
0.600938
0.557004
0.558394
0.595525
0.743715
0.808453
0.513967
0.570053
0.394237
0.424115
0.555917
0.511801
0.532683
0.645379
0.666801
0.585341
0.770679
0.712555
0.755787
0.585703
0.444729
0.453186
0.570612
0.716236
0.594619
0.721984
0.632981
0.52316
0.472927
0.751823
0.614877
0.601491
0.581568
0.731377
0.653714
0.749512
0.615462
0.716154
0.691069
0.620183
0.48524
0.541279
0.495304
0.500262
0.509167
0.54922
0.515871
0.706909
0.675207
0.640443
0.546216
0.704817
0.584381
0.426417
0.69284
0.465169
0.370883
0.426701
0.656192
0.390936
0.556439
0.499253
0.437149
0.477759
0.781974
0.82346
0.634855
0.626431
0.429811
0.689144
0.998918
0.689693
0.51798
0.732554
0.676077
