23.6532
23.6485
23.6446
23.6412
23.6382
23.6354
23.6329
23.6305
23.6282
23.6261
23.624
23.6221
23.6202
23.6184
23.6167
23.615
23.6134
23.6118
23.6102
23.6087
23.6072
23.6058
23.6044
23.603
23.6017
23.6003
23.599
23.5978
23.5965
23.5953
23.5941
23.5929
23.5917
23.5905
23.5894
23.5883
23.5872
23.5861
23.585
23.5839
23.5829
23.5818
23.5808
23.5798
23.5788
23.5778
23.5768
23.5758
23.5749
23.5739
23.573
23.572
23.5711
23.5702
23.5693
23.5684
23.5675
23.5666
23.5657
23.5649
23.564
23.5631
23.5623
23.5615
23.5606
23.5598
23.559
23.5581
23.5573
23.5565
23.5557
23.5549
23.5541
23.5534
23.5526
23.5518
23.551
23.5503
23.5495
23.5488
23.548
23.5473
23.5465
23.5458
23.5451
23.5443
23.5436
23.5429
23.5422
23.5415
23.5408
23.5401
23.5394
23.5387
23.538
23.5373
23.5366
23.5359
23.5353
23.5346
23.5339
23.5333
23.5326
23.5319
23.5313
23.5306
23.53
23.5293
23.5287
23.528
23.5274
23.5268
23.5261
23.5255
23.5249
23.5242
23.5236
23.523
23.5224
23.5218
23.5212
23.5205
23.5199
23.5193
23.5187
23.5181
23.5175
23.5169
23.5164
23.5158
23.5152
23.5146
23.514
23.5134
23.5128
23.5123
23.5117
23.5111
23.5106
23.51
23.5094
23.5089
23.5083
23.5077
23.5072
23.5066
23.5061
23.5055
23.505
23.5044
23.5039
23.5033
23.5028
23.5022
23.5017
23.5012
23.5006
23.5001
23.4995
23.499
23.4985
23.498
23.4974
23.4969
23.4964
23.4959
23.4953
23.4948
23.4943
23.4938
23.4933
23.4928
23.4923
23.4917
23.4912
23.4907
23.4902
23.4897
23.4892
23.4887
23.4882
23.4877
23.4872
23.4867
23.4862
23.4857
23.4852
23.4848
23.4843
23.4838
23.4833
23.4828
23.4823
23.4818
23.4814
23.4809
23.4804
23.4799
23.4794
23.479
23.4785
23.478
23.4776
23.4771
23.4766
23.4761
23.4757
23.4752
23.4747
23.4743
23.4738
23.4734
23.4729
23.4724
23.472
23.4715
23.4711
23.4706
23.4702
23.4697
23.4693
23.4688
23.4684
23.4679
23.4675
23.467
23.4666
23.4661
23.4657
23.4652
23.4648
23.4643
23.4639
23.4635
23.463
23.4626
23.4622
23.4617
23.4613
23.4609
23.4604
23.46
23.4596
23.4591
23.4587
23.4583
23.4578
23.4574
23.457
23.4566
23.4561
23.4557
23.4553
23.4549
23.4545
23.454
23.4536
23.4532
23.4528
23.4524
23.452
23.4515
23.4511
23.4507
23.4503
23.4499
23.4495
23.4491
23.4487
23.4482
23.4478
23.4474
23.447
23.4466
23.4462
23.4458
23.4454
23.445
23.4446
23.4442
23.4438
23.4434
23.443
23.4426
23.4422
23.4418
23.4414
23.441
23.4406
23.4402
23.4398
23.4394
23.439
23.4387
23.4383
23.4379
23.4375
23.4371
23.4367
23.4363
23.4359
23.4356
23.4352
23.4348
23.4344
23.434
23.4336
23.4332
23.4329
23.4325
23.4321
23.4317
23.4313
23.431
23.4306
23.4302
23.4298
23.4295
23.4291
23.4287
23.4283
23.428
23.4276
23.4272
23.4268
23.4265
23.4261
23.4257
23.4254
23.425
23.4246
23.4243
23.4239
23.4235
23.4231
23.4228
23.4224
23.4221
23.4217
23.4213
23.421
23.4206
23.4202
23.4199
23.4195
23.4192
23.4188
23.4184
23.4181
23.4177
23.4174
23.417
23.4166
23.4163
23.4159
23.4156
23.4152
23.4149
23.4145
23.4142
23.4138
23.4135
23.4131
23.4127
23.4124
23.412
23.4117
23.4113
23.411
23.4106
23.4103
23.41
23.4096
23.4093
23.4089
23.4086
23.4082
23.4079
23.4075
23.4072
23.4068
23.4065
23.4062
23.4058
23.4055
23.4051
23.4048
23.4045
23.4041
23.4038
23.4034
23.4031
23.4028
23.4024
23.4021
23.4017
23.4014
23.4011
23.4007
23.4004
23.4001
23.3997
23.3994
23.3991
23.3987
23.3984
23.3981
23.3977
23.3974
23.3971
23.3967
23.3964
23.3961
23.3958
23.3954
23.3951
23.3948
23.3944
23.3941
23.3938
23.3935
23.3931
23.3928
23.3925
23.3922
23.3918
23.3915
23.3912
23.3909
23.3905
23.3902
23.3899
23.3896
23.3892
23.3889
23.3886
23.3883
23.388
23.3876
23.3873
23.387
23.3867
23.3864
23.386
23.3857
23.3854
23.3851
23.3848
23.3845
23.3841
23.3838
23.3835
23.3832
23.3829
23.3826
23.3823
23.3819
23.3816
23.3813
23.381
23.3807
23.3804
23.3801
23.3798
23.3795
23.3791
23.3788
23.3785
23.3782
23.3779
23.3776
23.3773
23.377
23.3767
23.3764
23.3761
23.3757
23.3754
23.3751
23.3748
23.3745
23.3742
23.3739
23.3736
23.3733
23.373
23.3727
23.3724
23.3721
23.3718
23.3715
23.3712
23.3709
23.3706
23.3703
23.37
23.3697
23.3694
23.3691
23.3688
23.3685
23.3682
23.3679
23.3676
23.3673
23.367
23.3667
23.3664
23.3661
23.3658
23.3655
23.3652
23.3649
23.3646
23.3643
23.364
23.3637
23.3634
23.3631
23.3629
23.3626
23.3623
23.362
23.3617
23.3614
23.3611
23.3608
23.3605
23.3602
23.3599
23.3596
23.3594
23.3591
23.3588
23.3585
23.3582
23.3579
23.3576
23.3573
23.357
23.3568
23.3565
23.3562
23.3559
23.3556
23.3553
23.355
23.3547
23.3545
23.3542
23.3539
23.3536
23.3533
23.353
23.3528
23.3525
23.3522
23.3519
23.3516
23.3513
23.3511
23.3508
23.3505
23.3502
23.3499
23.3496
23.3494
23.3491
23.3488
23.3485
23.3482
23.348
23.3477
23.3474
23.3471
23.3468
23.3466
23.3463
23.346
23.3457
23.3455
23.3452
23.3449
23.3446
23.3443
23.3441
23.3438
23.3435
23.3432
23.343
23.3427
23.3424
23.3421
23.3419
23.3416
23.3413
23.341
23.3408
23.3405
23.3402
23.3399
23.3397
23.3394
23.3391
23.3389
23.3386
23.3383
23.338
23.3378
23.3375
23.3372
23.337
23.3367
23.3364
23.3362
23.3359
23.3356
23.3353
23.3351
23.3348
23.3345
23.3343
23.334
23.3337
23.3335
23.3332
23.3329
23.3327
23.3324
23.3321
23.3319
23.3316
23.3313
23.3311
23.3308
23.3305
23.3303
23.33
23.3297
23.3295
23.3292
23.3289
23.3287
23.3284
23.3282
23.3279
23.3276
23.3274
23.3271
23.3268
23.3266
23.3263
23.3261
23.3258
23.3255
23.3253
23.325
23.3248
23.3245
23.3242
23.324
23.3237
23.3235
23.3232
23.3229
23.3227
23.3224
23.3222
23.3219
23.3216
23.3214
23.3211
23.3209
23.3206
23.3204
23.3201
23.3198
23.3196
23.3193
23.3191
23.3188
23.3186
23.3183
23.318
23.3178
23.3175
23.3173
23.317
23.3168
23.3165
23.3163
23.316
23.3158
23.3155
23.3152
23.315
23.3147
23.3145
23.3142
23.314
23.3137
23.3135
23.3132
23.313
23.3127
23.3125
23.3122
23.312
23.3117
23.3115
23.3112
23.311
23.3107
23.3105
23.3102
23.31
23.3097
23.3095
23.3092
23.309
23.3087
23.3085
23.3082
23.308
23.3077
23.3075
23.3072
23.307
23.3067
23.3065
23.3062
23.306
23.3057
23.3055
23.3052
23.305
23.3048
23.3045
23.3043
23.304
23.3038
23.3035
23.3033
23.303
23.3028
23.3025
23.3023
23.3021
23.3018
23.3016
23.3013
23.3011
23.3008
23.3006
23.3004
23.3001
23.2999
23.2996
23.2994
23.2991
23.2989
23.2987
23.2984
23.2982
23.2979
23.2977
23.2974
23.2972
23.297
23.2967
23.2965
23.2962
23.296
23.2958
23.2955
23.2953
23.295
23.2948
23.2946
23.2943
23.2941
23.2938
23.2936
23.2934
23.2931
23.2929
23.2927
23.2924
23.2922
23.2919
23.2917
23.2915
23.2912
23.291
23.2908
23.2905
23.2903
23.29
23.2898
23.2896
23.2893
23.2891
23.2889
23.2886
23.2884
23.2882
23.2879
23.2877
23.2874
23.2872
23.287
23.2867
23.2865
23.2863
23.286
23.2858
23.2856
23.2853
23.2851
23.2849
23.2846
23.2844
23.2842
23.2839
23.2837
23.2835
23.2832
23.283
23.2828
23.2826
23.2823
23.2821
23.2819
23.2816
23.2814
23.2812
23.2809
23.2807
23.2805
23.2802
23.28
23.2798
23.2796
23.2793
23.2791
23.2789
23.2786
23.2784
23.2782
23.2779
23.2777
23.2775
23.2773
23.277
23.2768
23.2766
23.2763
23.2761
23.2759
23.2757
23.2754
23.2752
23.275
23.2748
23.2745
23.2743
23.2741
23.2738
23.2736
23.2734
23.2732
23.2729
23.2727
23.2725
23.2723
23.272
23.2718
23.2716
23.2714
23.2711
23.2709
23.2707
23.2705
23.2702
23.27
23.2698
23.2696
23.2693
23.2691
23.2689
23.2687
23.2684
23.2682
23.268
23.2678
23.2676
23.2673
23.2671
23.2669
23.2667
23.2664
23.2662
23.266
23.2658
23.2656
23.2653
23.2651
23.2649
23.2647
23.2644
23.2642
23.264
23.2638
23.2636
23.2633
23.2631
23.2629
23.2627
23.2625
23.2622
23.262
23.2618
23.2616
23.2614
23.2611
23.2609
23.2607
23.2605
23.2603
23.26
23.2598
23.2596
23.2594
23.2592
23.259
23.2587
23.2585
23.2583
23.2581
23.2579
23.2576
23.2574
23.2572
23.257
23.2568
23.2566
23.2563
23.2561
23.2559
23.2557
23.2555
23.2553
23.255
23.2548
23.2546
23.2544
23.2542
23.254
23.2537
23.2535
23.2533
23.2531
23.2529
23.2527
23.2525
23.2522
23.252
23.2518
23.2516
23.2514
23.2512
23.251
23.2507
23.2505
23.2503
23.2501
23.2499
23.2497
23.2495
23.2492
23.249
23.2488
23.2486
23.2484
23.2482
23.248
23.2478
23.2475
23.2473
23.2471
23.2469
23.2467
23.2465
23.2463
23.2461
23.2459
23.2456
23.2454
23.2452
23.245
