2.30259
2.30256
2.30253
2.30251
2.30249
2.30249
2.30248
2.30244
2.30241
2.30241
2.30241
2.30238
2.30238
2.3023
2.30233
2.30232
2.30227
2.30222
2.30222
2.30219
2.30217
2.30214
2.30214
2.30215
2.30214
2.30206
2.30208
2.30208
2.30195
2.30206
2.30208
2.30201
2.30199
2.30196
2.30199
2.30193
2.30179
2.30184
2.30184
2.3019
2.30182
2.30188
2.30167
2.30181
2.30179
2.30157
2.30161
2.30172
2.30165
2.30176
2.30159
2.30156
2.30152
2.30138
2.30141
2.30147
2.30146
2.30162
2.3016
2.30139
2.30115
2.30121
2.30138
2.3014
2.30138
2.30118
2.30133
2.30147
2.30149
2.30118
2.3013
2.30138
2.30159
2.30151
2.30143
2.3013
2.30128
2.30131
2.30108
2.30093
2.30077
2.30119
2.30115
2.30104
2.30109
2.30074
2.30094
2.30117
2.30113
2.30078
2.30078
2.30096
2.30097
2.30082
2.30058
2.301
2.30061
2.30047
2.30052
2.30059
2.30061
2.30083
2.30044
2.30027
2.30035
2.30051
2.30067
2.30057
2.30039
2.30043
2.30006
2.30047
2.30045
2.30052
2.30039
2.30052
2.30067
2.30048
2.30049
2.30046
2.30038
2.3001
2.30029
2.30061
2.30036
2.30025
2.30045
2.30016
2.30037
2.30027
2.30008
2.30025
2.29994
2.30038
2.29954
2.29962
2.30024
2.30018
2.29993
2.30041
2.29991
2.29979
2.30003
2.30025
2.29991
2.30027
2.30049
2.30034
2.2999
2.30015
2.2998
2.30007
2.29974
2.30005
2.29978
2.29947
2.29961
2.30018
2.30025
2.29966
2.29995
2.29939
2.29972
2.29985
2.29951
2.29923
2.29975
2.29958
2.29999
2.29995
2.29972
2.29911
2.29955
2.29913
2.29981
2.30005
2.29992
2.29989
2.30013
2.29917
2.29963
2.29911
2.29909
2.2996
2.30004
2.29907
2.29924
2.29897
2.2992
2.29916
2.29983
2.29954
2.29841
2.29873
2.29868
2.2987
2.29855
2.29813
2.29871
2.29907
2.29939
2.29905
2.29899
2.29867
2.29853
2.29878
2.29817
2.29877
2.29917
2.29878
2.29874
2.29839
2.29829
2.29884
2.29875
2.29846
2.2988
2.29844
2.29811
2.29744
2.29841
2.29909
2.29838
2.29849
2.29893
2.29978
2.29837
2.29788
2.29851
2.29783
2.29789
2.29833
2.29792
2.29799
2.29838
2.29845
2.29892
2.29837
2.29818
2.29844
2.29818
2.29811
2.29862
2.29836
2.29771
2.2982
2.29806
2.29903
2.29828
2.29882
2.29776
2.2979
2.29771
2.2972
2.29764
2.29727
2.29746
2.29766
2.29881
2.29813
2.29734
2.29763
2.29799
2.29811
2.29841
2.2982
2.2978
2.29758
2.29798
2.29758
2.29773
2.29745
2.29749
2.29749
2.2975
2.29775
2.29751
2.29816
2.29735
2.29669
2.29664
2.29683
2.29653
2.29746
2.29608
2.29702
2.29744
2.29714
2.29697
2.2971
2.2978
2.29778
2.29686
2.29635
2.29572
2.29749
2.29715
2.29796
2.2982
2.29841
2.29748
2.29842
2.29709
2.29676
2.29722
2.29769
2.29816
2.29768
2.29711
2.29735
2.29739
2.29628
2.29756
2.29817
2.29757
2.29754
2.29763
2.29806
2.29705
2.2972
2.29697
2.29751
2.29768
2.29735
2.29717
2.2972
2.29653
2.29681
2.29662
2.29603
2.29654
2.2967
2.29651
2.29727
2.29685
2.29694
2.29659
2.29659
2.29539
2.29649
2.29695
2.29669
2.29601
2.2958
2.29638
2.2959
2.29617
2.29615
2.29731
2.29675
2.29586
2.29711
2.29707
2.29649
2.2955
2.29629
2.2961
2.29556
2.29594
2.29652
2.29743
2.29508
2.29483
2.29553
2.29703
2.29528
2.29516
2.2946
2.29563
2.29622
2.29589
2.29561
2.29565
2.29592
2.29584
2.29645
2.2956
2.29474
2.29637
2.29523
2.29641
2.29431
2.29618
2.29643
2.29525
2.29637
2.29571
2.29542
2.29484
2.29493
2.29447
2.29448
2.29483
2.29541
2.29633
2.2958
2.29481
2.29641
2.29555
2.296
2.29496
2.29499
2.29492
2.2954
2.29466
2.29524
2.29542
2.29579
2.2939
2.29486
2.29575
2.29511
2.29549
2.296
2.29605
2.29652
2.29531
2.29685
2.29532
2.29547
2.29371
2.29596
2.29541
2.29543
2.29556
2.29503
2.29399
2.29393
2.2947
2.29514
2.29605
2.29467
2.2945
2.29401
2.29407
2.29478
2.29405
2.29531
2.2949
2.2952
2.29467
2.29566
2.29572
2.29521
2.29427
2.29355
2.29417
2.29476
2.29556
2.29468
2.29499
2.29403
2.29406
2.29316
2.29524
2.29421
2.294
2.29428
2.29497
2.29503
2.29548
2.29466
2.29483
2.29523
2.2945
2.29343
2.29317
2.29332
2.29325
2.29252
2.29328
2.29341
2.29517
2.29499
2.29418
2.29368
2.29332
2.29295
2.29302
2.29449
2.29325
2.29154
2.2921
2.29334
2.2921
2.29321
2.29222
2.29194
2.29354
2.29562
2.29516
2.29406
2.29325
2.29248
2.29339
2.29558
2.29522
2.29371
2.29445
2.29433
