2.30259
2.29828
2.29316
2.29067
2.28517
2.28657
2.28261
2.27622
2.26887
2.27056
2.26775
2.2613
2.2636
2.24414
2.25064
2.24863
2.23795
2.22639
2.23029
2.22509
2.22119
2.21342
2.21626
2.21666
2.21331
2.19551
2.20224
2.19775
2.17736
2.19673
2.20128
2.18759
2.18414
2.17504
2.18102
2.17025
2.14589
2.15511
2.15309
2.16771
2.14883
2.15768
2.11679
2.14828
2.1442
2.09539
2.11344
2.12712
2.12324
2.13239
2.10441
2.09813
2.08419
2.06746
2.07058
2.0807
2.07929
2.10874
2.10201
2.06599
2.02725
2.03857
2.06871
2.06682
2.06572
2.02893
2.04963
2.07985
2.09002
2.02883
2.04894
2.06487
2.10448
2.09293
2.07549
2.05245
2.04488
2.04912
2.00403
1.98292
1.95615
2.02442
2.02401
2.00296
2.0139
1.94601
1.99903
2.03639
2.02092
1.95337
1.95612
1.98614
1.99002
1.96932
1.91746
2.00432
1.9308
1.91127
1.90937
1.92385
1.93371
1.9616
1.90511
1.86755
1.89242
1.91488
1.93449
1.92923
1.88685
1.90295
1.83322
1.91353
1.90193
1.91651
1.8915
1.91605
1.93734
1.92805
1.91798
1.90966
1.89689
1.84849
1.88249
1.93184
1.8985
1.88022
1.9264
1.8579
1.89062
1.88547
1.86869
1.87429
1.81688
1.90462
1.76914
1.76973
1.87311
1.86165
1.83106
1.91676
1.82537
1.81819
1.85327
1.88764
1.82591
1.86882
1.93861
1.9186
1.81477
1.83779
1.78753
1.84075
1.79098
1.82456
1.80112
1.75002
1.77658
1.88561
1.87707
1.78332
1.84232
1.76075
1.77965
1.80123
1.75681
1.71444
1.79519
1.78696
1.83907
1.83026
1.80291
1.71225
1.77588
1.7044
1.78673
1.86101
1.84652
1.83032
1.8496
1.69812
1.77309
1.68292
1.71122
1.77591
1.83802
1.69808
1.73065
1.68498
1.69854
1.69646
1.80969
1.75895
1.6195
1.66763
1.63006
1.66491
1.61173
1.5631
1.65193
1.72464
1.75688
1.70561
1.68573
1.64305
1.62207
1.6738
1.57518
1.66278
1.71115
1.7
1.64909
1.6102
1.58522
1.69625
1.66366
1.64795
1.66478
1.60197
1.54909
1.48671
1.62689
1.741
1.63927
1.60153
1.69561
1.82917
1.63201
1.55122
1.61503
1.53336
1.58333
1.60484
1.55067
1.5669
1.61904
1.61073
1.6736
1.61898
1.5918
1.60288
1.59474
1.57102
1.63566
1.59909
1.54443
1.59931
1.59467
1.70828
1.60355
1.66508
1.51593
1.54234
1.5287
1.49846
1.50958
1.47199
1.5008
1.51467
1.6534
1.58476
1.48499
1.51761
1.56762
1.60514
1.6117
1.60849
1.56518
1.54062
1.57298
1.50316
1.53118
1.55606
1.54508
1.53429
1.53583
1.52032
1.5172
1.5733
1.48624
1.39834
1.37655
1.44342
1.38726
1.51793
1.36687
1.43735
1.52807
1.49393
1.44612
1.4714
1.54028
1.60093
1.44334
1.41968
1.30275
1.50769
1.47887
1.60568
1.62037
1.63222
1.54348
1.65621
1.44836
1.45146
1.52113
1.55779
1.61296
1.55488
1.49411
1.48089
1.50672
1.40103
1.52592
1.63143
1.54913
1.51999
1.56796
1.59991
1.45605
1.44676
1.43445
1.52621
1.59404
1.49955
1.53897
1.46698
1.40567
1.46852
1.38723
1.38889
1.45558
1.42597
1.43654
1.50932
1.44736
1.45215
1.39647
1.39012
1.27038
1.3672
1.48529
1.39114
1.33166
1.37166
1.39194
1.39958
1.39021
1.42205
1.52474
1.43208
1.36455
1.47084
1.46417
1.37384
1.35267
1.37941
1.42134
1.34711
1.34134
1.45081
1.54064
1.2571
1.22721
1.29123
1.47711
1.2741
1.25139
1.25111
1.37037
1.33966
1.35663
1.35809
1.33499
1.39116
1.43305
1.41743
1.33156
1.28808
1.38873
1.30814
1.415
1.24152
1.36002
1.4167
1.28864
1.38238
1.35408
1.27091
1.24889
1.23295
1.20584
1.2001
1.25855
1.37506
1.42664
1.32784
1.32362
1.44663
1.36754
1.38635
1.27491
1.27724
1.28199
1.28318
1.30279
1.31101
1.28189
1.3291
1.16516
1.24383
1.37791
1.31421
1.34254
1.45295
1.42552
1.46205
1.31332
1.44845
1.29037
1.308
1.18602
1.39498
1.38769
1.36051
1.35098
1.26713
1.21746
1.19266
1.25212
1.36387
1.45826
1.23741
1.24372
1.12771
1.15294
1.27265
1.18828
1.26877
1.27267
1.3366
1.25633
1.38874
1.36582
1.36332
1.21184
1.12729
1.19626
1.27895
1.35904
1.2501
1.30612
1.24847
1.19258
1.13639
1.36078
1.22843
1.20945
1.24034
1.36157
1.30238
1.35328
1.22871
1.30042
1.33017
1.25927
1.15274
1.1669
1.15561
1.13315
1.08138
1.1582
1.15931
1.3227
1.31527
1.26324
1.18683
1.2154
1.14246
1.09902
1.27304
1.12301
1.00902
1.05905
1.16252
1.04008
1.15136
1.09834
1.06845
1.10897
1.37384
1.3846
1.23676
1.19738
1.06259
1.21466
1.4831
1.32121
1.20465
1.28909
1.29406
