23.6386
23.62
23.6023
23.5851
23.5682
23.5514
23.5348
23.5183
23.5018
23.4854
23.4691
23.4527
23.4364
23.4201
23.4038
23.3876
23.3713
23.355
23.3388
23.3225
23.3063
23.2901
23.2738
23.2576
23.2413
23.2251
23.2089
23.1926
23.1764
23.1601
23.1439
23.1276
23.1114
23.0951
23.0789
23.0626
23.0463
23.0301
23.0138
22.9975
22.9813
22.965
22.9487
22.9324
22.9161
22.8998
22.8835
22.8672
22.8509
22.8346
22.8183
22.802
22.7857
22.7694
22.753
22.7367
22.7204
22.704
22.6877
22.6714
22.655
22.6387
22.6223
22.606
22.5896
22.5733
22.5569
22.5405
22.5242
22.5078
22.4914
22.4751
22.4587
22.4423
22.4259
22.4095
22.3931
22.3767
22.3603
22.3439
22.3275
22.3111
22.2947
22.2783
22.2619
22.2455
22.2291
22.2126
22.1962
22.1798
22.1634
22.1469
22.1305
22.1141
22.0976
22.0812
22.0647
22.0483
22.0318
22.0154
21.9989
21.9825
21.966
21.9496
21.9331
21.9166
21.9002
21.8837
21.8672
21.8508
21.8343
21.8178
21.8013
21.7849
21.7684
21.7519
21.7354
21.7189
21.7024
21.686
21.6695
21.653
21.6365
21.62
21.6035
21.587
21.5705
21.554
21.5375
21.521
21.5045
21.488
21.4715
21.455
21.4384
21.4219
21.4054
21.3889
21.3724
21.3559
21.3394
21.3228
21.3063
21.2898
21.2733
21.2568
21.2402
21.2237
21.2072
21.1907
21.1741
21.1576
21.1411
21.1246
21.108
21.0915
21.075
21.0584
21.0419
21.0254
21.0088
20.9923
20.9758
20.9592
20.9427
20.9262
20.9096
20.8931
20.8766
20.86
20.8435
20.827
20.8104
20.7939
20.7774
20.7608
20.7443
20.7277
20.7112
20.6947
20.6781
20.6616
20.6451
20.6285
20.612
20.5955
20.5789
20.5624
20.5459
20.5293
20.5128
20.4963
20.4797
20.4632
20.4467
20.4301
20.4136
20.3971
20.3805
20.364
20.3475
20.3309
20.3144
20.2979
20.2814
20.2648
20.2483
20.2318
20.2153
20.1987
20.1822
20.1657
20.1492
20.1326
20.1161
20.0996
20.0831
20.0666
20.0501
20.0335
20.017
20.0005
19.984
19.9675
19.951
19.9345
19.918
19.9015
19.885
19.8685
19.852
19.8355
19.819
19.8025
19.786
19.7695
19.753
19.7365
19.72
19.7035
19.687
19.6706
19.6541
19.6376
19.6211
19.6046
19.5882
19.5717
19.5552
19.5387
19.5223
19.5058
19.4893
19.4729
19.4564
19.44
19.4235
19.407
19.3906
19.3741
19.3577
19.3412
19.3248
19.3083
19.2919
19.2755
19.259
19.2426
19.2262
19.2097
19.1933
19.1769
19.1605
19.144
19.1276
19.1112
19.0948
19.0784
19.062
19.0456
19.0291
19.0127
18.9963
18.98
18.9636
18.9472
18.9308
18.9144
18.898
18.8816
18.8652
18.8489
18.8325
18.8161
18.7998
18.7834
18.767
18.7507
18.7343
18.718
18.7016
18.6853
18.6689
18.6526
18.6362
18.6199
18.6036
18.5873
18.5709
18.5546
18.5383
18.522
18.5057
18.4893
18.473
18.4567
18.4404
18.4241
18.4078
18.3916
18.3753
18.359
18.3427
18.3264
18.3102
18.2939
18.2776
18.2614
18.2451
18.2288
18.2126
18.1963
18.1801
18.1638
18.1476
18.1314
18.1151
18.0989
18.0827
18.0665
18.0503
18.034
18.0178
18.0016
17.9854
17.9692
17.953
17.9369
17.9207
17.9045
17.8883
17.8721
17.856
17.8398
17.8236
17.8075
17.7913
17.7752
17.759
17.7429
17.7268
17.7106
17.6945
17.6784
17.6623
17.6461
17.63
17.6139
17.5978
17.5817
17.5656
17.5495
17.5335
17.5174
17.5013
17.4852
17.4692
17.4531
17.437
17.421
17.4049
17.3889
17.3729
17.3568
17.3408
17.3248
17.3087
17.2927
17.2767
17.2607
17.2447
17.2287
17.2127
17.1967
17.1807
17.1647
17.1488
17.1328
17.1168
17.1009
17.0849
17.069
17.053
17.0371
17.0212
17.0052
16.9893
16.9734
16.9575
16.9415
16.9256
16.9097
16.8938
16.878
16.8621
16.8462
16.8303
16.8144
16.7986
16.7827
16.7669
16.751
16.7352
16.7193
16.7035
16.6877
16.6719
16.656
16.6402
16.6244
16.6086
16.5928
16.577
16.5612
16.5455
16.5297
16.5139
16.4982
16.4824
16.4667
16.4509
16.4352
16.4194
16.4037
16.388
16.3723
16.3566
16.3408
16.3251
16.3095
16.2938
16.2781
16.2624
16.2467
16.2311
16.2154
16.1997
16.1841
16.1685
16.1528
16.1372
16.1216
16.1059
16.0903
16.0747
16.0591
16.0435
16.0279
16.0124
15.9968
15.9812
15.9656
15.9501
15.9345
15.919
15.9034
15.8879
15.8724
15.8569
15.8413
15.8258
15.8103
15.7948
15.7793
15.7639
15.7484
15.7329
15.7174
15.702
15.6865
15.6711
15.6556
15.6402
15.6248
15.6093
15.5939
15.5785
15.5631
15.5477
15.5323
15.517
15.5016
15.4862
15.4708
15.4555
15.4401
15.4248
15.4095
15.3941
15.3788
15.3635
15.3482
15.3329
15.3176
15.3023
15.287
15.2717
15.2565
15.2412
15.2259
15.2107
15.1954
15.1802
15.165
15.1498
15.1345
15.1193
15.1041
15.0889
15.0737
15.0586
15.0434
15.0282
15.0131
14.9979
14.9828
14.9676
14.9525
14.9374
14.9222
14.9071
14.892
14.8769
14.8618
14.8468
14.8317
14.8166
14.8015
14.7865
14.7714
14.7564
14.7414
14.7263
14.7113
14.6963
14.6813
14.6663
14.6513
14.6363
14.6214
14.6064
14.5914
14.5765
14.5615
14.5466
14.5317
14.5167
14.5018
14.4869
14.472
14.4571
14.4422
14.4274
14.4125
14.3976
14.3828
14.3679
14.3531
14.3382
14.3234
14.3086
14.2938
14.279
14.2642
14.2494
14.2346
14.2198
14.2051
14.1903
14.1756
14.1608
14.1461
14.1314
14.1166
14.1019
14.0872
14.0725
14.0578
14.0431
14.0285
14.0138
13.9992
13.9845
13.9699
13.9552
13.9406
13.926
13.9114
13.8968
13.8822
13.8676
13.853
13.8384
13.8239
13.8093
13.7948
13.7802
13.7657
13.7512
13.7367
13.7221
13.7076
13.6932
13.6787
13.6642
13.6497
13.6353
13.6208
13.6064
13.5919
13.5775
13.5631
13.5487
13.5343
13.5199
13.5055
13.4911
13.4768
13.4624
13.448
13.4337
13.4194
13.405
13.3907
13.3764
13.3621
13.3478
13.3335
13.3192
13.305
13.2907
13.2764
13.2622
13.248
13.2337
13.2195
13.2053
13.1911
13.1769
13.1627
13.1485
13.1344
13.1202
13.1061
13.0919
13.0778
13.0636
13.0495
13.0354
13.0213
13.0072
12.9931
12.9791
12.965
12.9509
12.9369
12.9228
12.9088
12.8948
12.8808
12.8668
12.8528
12.8388
12.8248
12.8108
12.7968
12.7829
12.7689
12.755
12.7411
12.7272
12.7132
12.6993
12.6854
12.6716
12.6577
12.6438
12.63
12.6161
12.6023
12.5884
12.5746
12.5608
12.547
12.5332
12.5194
12.5056
12.4918
12.4781
12.4643
12.4506
12.4368
12.4231
12.4094
12.3957
12.382
12.3683
12.3546
12.3409
12.3273
12.3136
12.3
12.2863
12.2727
12.2591
12.2455
12.2319
12.2183
12.2047
12.1911
12.1776
12.164
12.1504
12.1369
12.1234
12.1099
12.0963
12.0828
12.0694
12.0559
12.0424
12.0289
12.0155
12.002
11.9886
11.9752
11.9617
11.9483
11.9349
11.9215
11.9082
11.8948
11.8814
11.8681
11.8547
11.8414
11.828
11.8147
11.8014
11.7881
11.7748
11.7616
11.7483
11.735
11.7218
11.7085
11.6953
11.6821
11.6688
11.6556
11.6424
11.6293
11.6161
11.6029
11.5897
11.5766
11.5635
11.5503
11.5372
11.5241
11.511
11.4979
11.4848
11.4717
11.4587
11.4456
11.4326
11.4195
11.4065
11.3935
11.3805
11.3675
11.3545
11.3415
11.3285
11.3156
11.3026
11.2897
11.2767
11.2638
11.2509
11.238
11.2251
11.2122
11.1993
11.1865
11.1736
11.1608
11.1479
11.1351
11.1223
11.1095
11.0967
11.0839
11.0711
11.0583
11.0456
11.0328
11.0201
11.0074
10.9946
10.9819
10.9692
10.9565
10.9439
10.9312
10.9185
10.9059
10.8932
10.8806
10.868
10.8553
10.8427
10.8301
10.8176
10.805
10.7924
10.7799
10.7673
10.7548
10.7423
10.7297
10.7172
10.7047
10.6922
10.6798
10.6673
10.6548
10.6424
10.63
10.6175
10.6051
10.5927
10.5803
10.5679
10.5555
10.5432
10.5308
10.5185
10.5061
10.4938
10.4815
10.4692
10.4569
10.4446
10.4323
10.42
10.4078
10.3955
10.3833
10.371
10.3588
10.3466
10.3344
10.3222
10.31
10.2979
10.2857
10.2735
10.2614
10.2493
10.2371
10.225
10.2129
10.2008
10.1888
10.1767
10.1646
10.1526
10.1405
10.1285
10.1165
10.1045
10.0925
10.0805
10.0685
10.0565
10.0446
10.0326
10.0207
10.0087
9.99682
9.98491
9.97301
9.96112
9.94924
9.93737
9.92551
9.91366
9.90182
9.88999
9.87817
9.86636
9.85456
9.84277
9.83099
9.81922
9.80746
9.79571
9.78397
9.77224
9.76052
9.74882
9.73712
9.72543
9.71375
9.70208
9.69042
9.67878
9.66714
9.65551
9.6439
9.63229
9.62069
9.60911
9.59753
9.58596
9.57441
9.56286
9.55133
9.5398
9.52829
9.51678
9.50529
9.4938
9.48233
9.47086
9.45941
9.44797
9.43653
9.42511
9.4137
9.4023
9.3909
9.37952
9.36815
9.35679
9.34544
9.3341
9.32276
9.31144
9.30013
9.28883
9.27754
9.26626
9.255
9.24374
9.23249
9.22125
9.21002
9.1988
9.1876
9.1764
9.16521
9.15404
9.14287
9.13172
9.12057
9.10944
9.09831
9.08719
9.07609
9.065
9.05391
9.04284
9.03178
9.02072
9.00968
8.99865
8.98763
8.97661
8.96561
8.95462
8.94364
8.93267
8.92171
8.91076
8.89983
8.8889
8.87798
