4.01814
1.81987
1.54482
1.48251
1.4444
1.4097
1.3761
1.34334
1.31135
1.28013
1.24966
1.21991
1.19086
1.16251
1.13483
1.10782
1.08144
1.05569
1.03056
1.00603
0.982074
0.958693
0.935869
0.913588
0.891837
0.870604
0.849877
0.829644
0.809892
0.79061
0.771787
0.753412
0.735476
0.717965
0.700872
0.684186
0.667897
0.651996
0.636473
0.62132
0.606528
0.592088
0.577992
0.564231
0.550798
0.537684
0.524883
0.512387
0.500188
0.48828
0.476655
0.465307
0.454229
0.443415
0.432858
0.422553
0.412493
0.402672
0.393085
0.383727
0.374591
0.365673
0.356967
0.348468
0.340172
0.332073
0.324167
0.31645
0.308916
0.301561
0.294382
0.287373
0.280531
0.273853
0.267333
0.260968
0.254755
0.24869
0.242769
0.236989
0.231347
0.225839
0.220463
0.215214
0.21009
0.205088
0.200206
0.195439
0.190786
0.186244
0.18181
0.177481
0.173256
0.169131
0.165104
0.161174
0.157337
0.153591
0.149934
0.146364
0.14288
0.139478
0.136157
0.132916
0.129751
0.126662
0.123647
0.120703
0.117829
0.115024
0.112286
0.109612
0.107003
0.104455
0.101968
0.0995407
0.0971708
0.0948574
0.092599
0.0903944
0.0882424
0.0861415
0.0840907
0.0820887
0.0801343
0.0782265
0.0763641
0.074546
0.0727712
0.0710387
0.0693474
0.0676965
0.0660847
0.0645114
0.0629755
0.0614762
0.0600126
0.0585838
0.0571891
0.0558276
0.0544984
0.0532009
0.0519344
0.0506979
0.0494909
0.0483126
0.0471624
0.0460396
0.0449434
0.0438734
0.0428289
0.0418093
0.0408139
0.0398422
0.0388936
0.0379677
0.0370637
0.0361813
0.0353199
0.0344791
0.0336582
0.0328569
0.0320746
0.031311
0.0305655
0.0298378
0.0291275
0.028434
0.0277571
0.0270962
0.0264511
0.0258214
0.0252066
0.0246066
0.0240207
0.0234488
0.0228906
0.0223456
0.0218136
0.0212943
0.0207873
0.0202924
0.0198093
0.0193377
0.0188773
0.0184279
0.0179891
0.0175608
0.0171428
0.0167346
0.0163362
0.0159473
0.0155676
0.015197
0.0148352
0.014482
0.0141372
0.0138006
0.0134721
0.0131513
0.0128382
0.0125326
0.0122342
0.0119429
0.0116586
0.011381
0.0111101
0.0108456
0.0105873
0.0103353
0.0100892
0.00984903
0.00961456
0.00938564
0.00916219
0.00894406
0.00873113
0.00852325
0.00832035
0.00812225
0.00792889
0.00774011
0.00755582
0.00737595
0.00720034
0.00702891
0.00686157
0.00669821
0.00653873
0.00638307
0.00623111
0.00608275
0.00593795
0.00579657
0.00565857
0.00552384
0.00539234
0.00526396
0.00513863
0.0050163
0.00489687
0.00478029
0.00466648
0.00455538
0.00444692
0.00434107
0.00423772
0.00413682
0.00403833
0.00394219
0.00384834
0.00375672
0.00366728
0.00357996
0.00349473
0.00341153
0.00333031
0.00325102
0.00317362
0.00309806
0.0030243
0.00295231
0.00288201
0.00281341
0.00274642
0.00268103
0.00261721
0.00255489
0.00249407
0.0024347
0.00237673
0.00232015
0.00226491
0.00221098
0.00215834
0.00210696
0.0020568
0.00200783
0.00196002
0.00191336
0.00186781
0.00182333
0.00177993
0.00173755
0.00169618
0.0016558
0.00161638
0.00157789
0.00154033
0.00150365
0.00146786
0.0014329
0.00139879
0.00136549
0.00133298
0.00130125
0.00127027
0.00124003
0.00121051
0.00118168
0.00115355
0.00112609
0.00109928
0.0010731
0.00104756
0.00102262
0.000998269
0.000974501
0.000951299
0.000928652
0.000906539
0.000884963
0.000863895
0.000843326
0.000823247
0.000803647
0.00078451
0.000765839
0.000747599
0.000729801
0.000712432
0.000695468
0.000678909
0.000662745
0.000646968
0.000631563
0.000616529
0.00060185
0.000587521
0.000573531
0.000559879
0.000546551
0.000533538
0.000520834
0.000508431
0.000496329
0.000484511
0.000472978
0.000461719
0.000450724
0.000439993
0.000429518
0.000419294
0.000409308
0.000399562
0.000390052
0.000380766
0.000371699
0.000362851
0.000354208
0.000345776
0.000337546
0.00032951
0.000321661
0.000314003
0.000306531
0.000299232
0.000292105
0.000285155
0.000278366
0.000271737
0.000265268
0.000258952
0.000252788
0.000246769
0.000240894
0.000235162
0.000229559
0.000224096
0.000218759
0.000213552
0.000208468
0.000203507
0.00019866
0.000193932
0.000189312
0.000184808
0.000180406
0.000176111
0.000171918
0.000167825
0.000163831
0.000159929
0.000156123
0.000152407
0.000148776
0.000145237
0.000141777
0.000138403
0.000135108
0.00013189
0.000128752
0.000125686
0.000122693
0.000119773
0.000116923
0.000114138
0.00011142
0.000108768
0.000106178
0.000103651
0.000101181
9.87741e-05
9.64204e-05
9.41257e-05
9.18846e-05
8.96972e-05
8.75618e-05
8.54774e-05
8.3442e-05
8.14562e-05
7.95163e-05
7.7623e-05
7.57751e-05
7.39709e-05
7.2209e-05
7.04914e-05
6.88131e-05
6.71739e-05
6.55745e-05
6.40132e-05
6.24897e-05
6.10012e-05
5.95481e-05
5.81303e-05
5.67474e-05
5.53962e-05
5.40775e-05
5.27899e-05
5.15341e-05
5.03067e-05
4.91101e-05
4.79392e-05
4.67986e-05
4.56841e-05
4.45969e-05
4.35337e-05
4.24984e-05
4.14862e-05
4.04988e-05
3.95349e-05
3.85938e-05
3.76752e-05
3.67781e-05
3.59025e-05
3.50476e-05
3.42134e-05
3.33993e-05
3.26032e-05
3.18268e-05
3.10689e-05
3.03305e-05
2.96076e-05
2.89027e-05
2.82147e-05
2.75424e-05
2.68872e-05
2.6247e-05
2.56227e-05
2.50128e-05
2.44171e-05
2.38361e-05
2.32687e-05
2.2714e-05
2.21731e-05
2.16449e-05
2.11299e-05
2.06269e-05
2.0136e-05
1.96571e-05
1.91885e-05
1.87316e-05
1.82856e-05
1.78504e-05
1.74252e-05
1.70108e-05
1.66054e-05
1.62103e-05
1.58238e-05
1.54475e-05
1.50801e-05
1.47205e-05
1.43701e-05
1.40279e-05
1.36935e-05
1.33678e-05
1.3049e-05
1.27383e-05
1.24356e-05
1.21399e-05
1.18509e-05
1.15685e-05
1.12931e-05
1.10246e-05
1.07615e-05
1.05058e-05
1.02556e-05
1.00116e-05
9.77349e-06
9.54086e-06
9.31349e-06
9.09212e-06
8.87542e-06
8.6642e-06
8.45784e-06
8.25677e-06
8.05989e-06
7.8683e-06
7.68036e-06
7.49811e-06
7.31935e-06
7.14508e-06
6.97476e-06
6.8093e-06
6.6472e-06
6.48866e-06
6.33448e-06
6.18314e-06
6.03598e-06
5.89221e-06
5.75186e-06
5.61511e-06
5.4818e-06
5.35109e-06
5.22345e-06
5.09927e-06
4.97812e-06
4.85944e-06
4.74371e-06
4.63088e-06
4.5206e-06
4.41293e-06
4.30792e-06
4.20563e-06
4.10549e-06
4.00757e-06
3.91221e-06
3.81932e-06
3.72843e-06
3.63923e-06
3.553e-06
3.46824e-06
3.38563e-06
3.30508e-06
3.22617e-06
3.14947e-06
3.07457e-06
3.00152e-06
2.92984e-06
2.8599e-06
2.79215e-06
2.72542e-06
2.66055e-06
2.59715e-06
2.53533e-06
2.47489e-06
2.41597e-06
2.35844e-06
2.30219e-06
2.24771e-06
2.19425e-06
2.14202e-06
2.091e-06
2.04097e-06
1.99243e-06
1.94514e-06
1.89881e-06
1.85342e-06
1.80925e-06
1.76629e-06
1.72422e-06
1.683e-06
1.6429e-06
1.60393e-06
1.56578e-06
1.52856e-06
1.49206e-06
1.45658e-06
1.42185e-06
1.38788e-06
1.35504e-06
1.32254e-06
1.29115e-06
1.26044e-06
1.23043e-06
1.20108e-06
1.17254e-06
1.14467e-06
1.11751e-06
1.09087e-06
1.06479e-06
1.03939e-06
1.01464e-06
9.90518e-07
9.66906e-07
9.43964e-07
9.21371e-07
8.99438e-07
8.77956e-07
8.57163e-07
8.36712e-07
8.16671e-07
7.97356e-07
7.78479e-07
7.5987e-07
7.41709e-07
7.24029e-07
7.06974e-07
6.90038e-07
6.73615e-07
6.57639e-07
6.42004e-07
6.26633e-07
6.11606e-07
5.9723e-07
5.82927e-07
5.69024e-07
5.55424e-07
5.423e-07
5.29394e-07
5.16782e-07
5.0439e-07
4.92438e-07
4.80739e-07
4.69387e-07
4.58098e-07
4.47282e-07
4.36655e-07
4.26351e-07
4.16126e-07
4.06242e-07
3.96628e-07
3.87096e-07
3.77947e-07
3.68876e-07
3.60062e-07
3.51595e-07
3.43146e-07
3.34974e-07
3.27061e-07
3.19196e-07
3.11533e-07
3.04248e-07
2.96925e-07
2.89899e-07
2.83019e-07
2.76315e-07
2.69692e-07
2.63258e-07
2.57049e-07
2.5092e-07
2.44949e-07
2.39056e-07
2.33375e-07
2.27802e-07
2.22387e-07
2.17096e-07
2.11993e-07
2.06919e-07
2.01989e-07
1.97182e-07
1.92544e-07
1.87954e-07
1.83413e-07
1.79116e-07
1.74845e-07
1.70629e-07
1.66566e-07
1.62636e-07
1.58685e-07
1.54948e-07
1.51209e-07
1.47601e-07
1.4418e-07
1.40718e-07
1.3738e-07
1.34151e-07
1.30911e-07
1.27838e-07
1.24792e-07
1.21769e-07
1.18902e-07
1.16031e-07
1.13255e-07
1.10586e-07
1.07876e-07
1.05305e-07
1.02857e-07
1.00367e-07
9.79864e-08
9.56389e-08
9.3363e-08
9.11498e-08
8.89751e-08
8.68354e-08
8.48196e-08
8.27567e-08
8.08072e-08
7.88489e-08
7.69487e-08
7.51492e-08
7.33685e-08
7.16124e-08
6.98991e-08
6.82669e-08
6.66471e-08
6.50369e-08
6.34856e-08
6.19493e-08
6.05272e-08
5.90698e-08
5.76604e-08
5.62617e-08
5.49596e-08
5.36165e-08
5.2365e-08
5.11459e-08
4.99405e-08
4.87031e-08
4.75945e-08
4.64132e-08
4.53056e-08
4.42771e-08
4.31705e-08
4.21679e-08
4.11954e-08
4.01897e-08
3.92167e-08
3.83214e-08
3.73888e-08
3.65269e-08
3.56353e-08
3.48191e-08
3.39481e-08
3.31851e-08
3.23701e-08
3.16203e-08
3.08465e-08
3.00918e-08
2.93741e-08
2.8712e-08
2.7991e-08
2.73248e-08
2.67031e-08
2.60671e-08
2.54407e-08
2.48395e-08
2.42127e-08
2.36581e-08
2.30743e-08
2.25588e-08
2.20179e-08
2.14738e-08
2.09639e-08
2.04601e-08
1.99893e-08
1.94807e-08
1.90338e-08
1.85678e-08
1.81616e-08
1.77141e-08
1.72873e-08
1.68676e-08
1.6477e-08
1.60818e-08
1.57008e-08
1.53244e-08
1.49626e-08
1.46107e-08
1.42588e-08
1.39109e-08
1.35917e-08
1.32635e-08
1.29503e-08
1.2643e-08
1.23396e-08
1.20467e-08
1.17489e-08
1.1476e-08
1.12172e-08
1.09393e-08
1.06867e-08
1.04242e-08
1.01775e-08
9.92513e-09
9.69672e-09
9.47411e-09
9.24832e-09
9.02527e-09
8.81342e-09
8.58461e-09
8.39009e-09
8.203e-09
7.99923e-09
7.81948e-09
7.62056e-09
7.44515e-09
7.26898e-09
7.08758e-09
6.90848e-09
6.75391e-09
6.5869e-09
6.43695e-09
6.28393e-09
6.13675e-09
5.99227e-09
5.8578e-09
5.70981e-09
5.57306e-09
5.43243e-09
5.31229e-09
5.19266e-09
5.06025e-09
4.93503e-09
4.81912e-09
4.71819e-09
4.59814e-09
4.48725e-09
4.38201e-09
4.2747e-09
4.17197e-09
4.07846e-09
3.97502e-09
3.88774e-09
3.79768e-09
3.70195e-09
3.61934e-09
3.53247e-09
3.44741e-09
3.36071e-09
3.28788e-09
3.20335e-09
3.13925e-09
3.05724e-09
2.9878e-09
2.91243e-09
2.84465e-09
2.78412e-09
2.7165e-09
2.64625e-09
2.57694e-09
2.51805e-09
2.45984e-09
2.40232e-09
2.34547e-09
2.28931e-09
2.23383e-09
2.17904e-09
2.13364e-09
2.08873e-09
2.03982e-09
1.98213e-09
1.94029e-09
1.89343e-09
1.85086e-09
1.79989e-09
1.75614e-09
1.71044e-09
1.67479e-09
1.64009e-09
1.59587e-09
1.56199e-09
1.51886e-09
1.48579e-09
1.45099e-09
1.41371e-09
1.37732e-09
1.35269e-09
1.3207e-09
1.28553e-09
1.25044e-09
1.21968e-09
1.19655e-09
1.16598e-09
1.14251e-09
1.1172e-09
1.08765e-09
1.06498e-09
1.04058e-09
1.01204e-09
9.9017e-10
9.66679e-10
9.39171e-10
9.20853e-10
8.98172e-10
8.73744e-10
8.54357e-10
8.35374e-10
8.11713e-10
7.92923e-10
7.7684e-10
7.57755e-10
7.36151e-10
7.20807e-10
7.03452e-10
6.84157e-10
6.7185e-10
6.59373e-10
6.4195e-10
6.24471e-10
6.12733e-10
6.00824e-10
5.84198e-10
5.67514e-10
5.56344e-10
5.45004e-10
5.29173e-10
5.13285e-10
5.02684e-10
4.89194e-10
4.78355e-10
4.71928e-10
4.5917e-10
4.48953e-10
4.36643e-10
4.28546e-10
4.18154e-10
4.06672e-10
3.96614e-10
3.89807e-10
3.79714e-10
3.69912e-10
3.63304e-10
3.53694e-10
3.42641e-10
3.33845e-10
3.2637e-10
3.20217e-10
3.09075e-10
3.02606e-10
2.99039e-10
2.92477e-10
2.86008e-10
2.75733e-10
2.69399e-10
2.63384e-10
2.60044e-10
2.53937e-10
2.47923e-10
2.3833e-10
2.32451e-10
2.26891e-10
2.23778e-10
2.18126e-10
2.12566e-10
2.06317e-10
1.9952e-10
1.9563e-10
1.91665e-10
1.87757e-10
1.81814e-10
1.76772e-10
1.74143e-10
1.70377e-10
1.66839e-10
1.64267e-10
1.5908e-10
1.55485e-10
1.51946e-10
1.471e-10
1.44698e-10
1.41274e-10
1.38076e-10
1.35731e-10
1.30999e-10
1.27745e-10
1.24547e-10
1.20156e-10
1.17982e-10
1.14898e-10
1.12042e-10
1.08642e-10
1.06638e-10
1.04663e-10
9.96181e-11
9.68186e-11
9.587e-11
9.28821e-11
9.12515e-11
9.04095e-11
8.74429e-11
8.46256e-11
8.39009e-11
8.11049e-11
8.04512e-11
7.76765e-11
7.68701e-11
7.59854e-11
7.33742e-11
7.26921e-11
7.0159e-11
6.76614e-11
6.69793e-11
6.45031e-11
6.3892e-11
6.14371e-11
6.08971e-11
5.84635e-11
5.77707e-11
5.69997e-11
