2.30259
2.28916
2.27506
2.26606
2.25471
2.25609
2.25012
2.23266
2.2181
2.21535
2.21628
2.20612
2.20158
2.16975
2.17848
2.17607
2.15443
2.13146
2.13255
2.11876
2.11272
2.0964
2.09711
2.10179
2.09908
2.06542
2.07387
2.07273
2.01734
2.06188
2.07733
2.04383
2.03769
2.02382
2.03504
2.0117
1.9608
1.98125
1.97523
2.00179
1.96636
1.98787
1.91644
1.96947
1.95508
1.86725
1.89697
1.93665
1.90829
1.93997
1.88685
1.88386
1.86143
1.81713
1.81553
1.84057
1.84563
1.89979
1.88806
1.81771
1.72773
1.74775
1.8172
1.81713
1.81175
1.72907
1.79774
1.8492
1.85677
1.75993
1.78681
1.81952
1.9141
1.8766
1.82495
1.79744
1.78958
1.80658
1.7171
1.67912
1.63415
1.75789
1.77056
1.72198
1.72298
1.59709
1.69728
1.77377
1.77073
1.6205
1.63162
1.68453
1.69019
1.6349
1.57859
1.69826
1.58317
1.56582
1.55299
1.5755
1.59475
1.64561
1.55374
1.46722
1.51335
1.55059
1.58768
1.59931
1.51053
1.53718
1.44627
1.5535
1.54708
1.55384
1.50865
1.57706
1.61144
1.61422
1.58243
1.57376
1.51775
1.47152
1.51576
1.60991
1.547
1.53683
1.59356
1.48284
1.52309
1.52741
1.53967
1.51201
1.43636
1.55544
1.35087
1.3162
1.50123
1.50366
1.46043
1.59469
1.44081
1.44279
1.48775
1.54908
1.43951
1.5131
1.63561
1.61687
1.42747
1.44413
1.36758
1.47845
1.39063
1.43741
1.40384
1.35358
1.37268
1.56416
1.5367
1.39382
1.48813
1.35839
1.36109
1.38342
1.34861
1.28673
1.38658
1.39572
1.47716
1.46334
1.43282
1.29886
1.39293
1.27772
1.38938
1.51738
1.48008
1.46587
1.48162
1.25174
1.37996
1.22569
1.30044
1.36154
1.45488
1.26486
1.30194
1.24126
1.26805
1.26819
1.44062
1.36308
1.1794
1.24423
1.16941
1.24318
1.12697
1.06328
1.20499
1.32124
1.35513
1.28575
1.26994
1.19313
1.1668
1.25011
1.13028
1.2451
1.30649
1.32161
1.21192
1.15847
1.11838
1.28766
1.21401
1.25075
1.2352
1.14093
1.0326
0.99849
1.18251
1.35234
1.23518
1.14425
1.31672
1.50831
1.21789
1.0915
1.15816
1.06128
1.14612
1.15958
1.08278
1.12332
1.1609
1.17297
1.25398
1.20018
1.16833
1.15796
1.15271
1.11321
1.22978
1.16578
1.10948
1.15991
1.16942
1.32295
1.17403
1.25997
1.05498
1.07977
1.07362
1.03548
1.01734
1.00634
1.03287
1.05641
1.22712
1.13858
1.01173
1.0397
1.12483
1.21255
1.17772
1.183
1.15638
1.12167
1.16459
1.04005
1.07023
1.14872
1.10514
1.09137
1.09724
1.0593
1.09893
1.15026
1.04154
0.913713
0.881977
1.00327
0.913421
1.09512
0.902408
0.970933
1.1423
1.06049
0.989001
1.02366
1.09892
1.21641
1.00482
0.990331
0.843773
1.06154
1.03377
1.22588
1.24531
1.23836
1.14594
1.29981
0.980988
1.00196
1.10469
1.15513
1.23578
1.14728
1.09627
1.03832
1.07308
0.98219
1.10722
1.27205
1.13227
1.0899
1.1766
1.19283
0.988258
0.993611
0.974656
1.12534
1.2187
1.08033
1.15236
1.03581
0.958103
1.04664
0.931419
0.943555
1.05342
0.97069
1.01805
1.10593
1.01818
1.00202
0.932883
0.935407
0.796971
0.890623
1.06912
0.926396
0.842606
0.925871
0.969429
0.973508
0.971152
1.01686
1.12672
0.997947
0.914132
1.04235
1.02446
0.912514
0.927386
0.922938
1.02994
0.900574
0.88185
1.03186
1.14416
0.805332
0.765799
0.850661
1.08357
0.817658
0.776868
0.817432
0.940324
0.878283
0.928507
0.944135
0.915677
1.01564
1.0808
1.00863
0.892671
0.87928
0.95889
0.887873
0.988443
0.813313
0.945404
1.00341
0.836059
0.977692
0.962761
0.830926
0.788144
0.780776
0.752986
0.762753
0.82015
0.997928
1.04753
0.905791
0.93073
1.0529
0.978535
0.976637
0.849488
0.834314
0.842088
0.847389
0.897004
0.899252
0.849006
0.878971
0.731895
0.798802
0.964799
0.890835
0.940688
1.08549
1.04828
1.05694
0.870579
1.03631
0.855592
0.875895
0.778967
1.00947
1.00057
1.0041
0.954715
0.842554
0.802335
0.77695
0.832713
0.993783
1.10217
0.801221
0.8279
0.663268
0.703765
0.838432
0.766769
0.823374
0.876254
0.947053
0.84198
1.00521
0.967046
0.994039
0.807309
0.692224
0.74089
0.854775
0.96825
0.838911
0.926512
0.855687
0.758078
0.719078
0.99266
0.834742
0.804273
0.82647
0.985689
0.892027
0.975273
0.839595
0.928179
0.929042
0.856646
0.727408
0.753993
0.737204
0.717056
0.696598
0.761308
0.740716
0.938172
0.921009
0.872226
0.781957
0.871088
0.759822
0.665572
0.895683
0.701098
0.586448
0.646357
0.806693
0.617151
0.754987
0.708157
0.656295
0.682086
1.00591
1.03442
0.844323
0.821508
0.652413
0.855314
1.16986
0.928035
0.782312
0.911527
0.901405
