22.9894
22.5255
22.1526
21.8336
21.5515
21.2965
21.0625
20.8455
20.6425
20.4514
20.2704
20.0984
19.9342
19.777
19.626
19.4807
19.3405
19.2051
19.074
18.9469
18.8235
18.7036
18.5868
18.4732
18.3623
18.2541
18.1485
18.0452
17.9441
17.8453
17.7484
17.6535
17.5604
17.4691
17.3795
17.2915
17.2051
17.1201
17.0366
16.9545
16.8736
16.7941
16.7158
16.6386
16.5627
16.4878
16.414
16.3412
16.2695
16.1987
16.1289
16.06
15.992
15.9248
15.8585
15.793
15.7283
15.6644
15.6013
15.5389
15.4772
15.4162
15.3558
15.2962
15.2372
15.1788
15.1211
15.064
15.0075
14.9515
14.8961
14.8413
14.787
14.7333
14.68
14.6273
14.5751
14.5234
14.4722
14.4214
14.3711
14.3213
14.2719
14.2229
14.1744
14.1263
14.0786
14.0313
13.9844
13.938
13.8919
13.8462
13.8008
13.7558
13.7112
13.667
13.6231
13.5795
13.5363
13.4934
13.4509
13.4086
13.3667
13.3251
13.2839
13.2429
13.2022
13.1618
13.1217
13.082
13.0424
13.0032
12.9643
12.9256
12.8872
12.849
12.8111
12.7735
12.7361
12.699
12.6621
12.6255
12.5891
12.553
12.5171
12.4814
12.446
12.4107
12.3758
12.341
12.3064
12.2721
12.238
12.2041
12.1704
12.1369
12.1036
12.0705
12.0377
12.005
11.9725
11.9402
11.9081
11.8762
11.8444
11.8129
11.7815
11.7504
11.7194
11.6885
11.6579
11.6274
11.5971
11.567
11.537
11.5072
11.4776
11.4481
11.4188
11.3897
11.3607
11.3319
11.3032
11.2747
11.2463
11.2181
11.19
11.1621
11.1343
11.1067
11.0792
11.0519
11.0247
10.9976
10.9707
10.9439
10.9173
10.8908
10.8644
10.8382
10.812
10.7861
10.7602
10.7345
10.7089
10.6834
10.6581
10.6329
10.6078
10.5828
10.5579
10.5332
10.5086
10.4841
10.4597
10.4354
10.4113
10.3872
10.3633
10.3395
10.3158
10.2922
10.2687
10.2453
10.2221
10.1989
10.1758
10.1529
10.1301
10.1073
10.0847
10.0621
10.0397
10.0174
9.99513
9.973
9.95096
9.92902
9.90718
9.88543
9.86378
9.84222
9.82076
9.79939
9.77811
9.75693
9.73583
9.71483
9.69392
9.6731
9.65236
9.63171
9.61115
9.59068
9.5703
9.55
9.52978
9.50965
9.4896
9.46964
9.44976
9.42996
9.41024
9.39061
9.37105
9.35158
9.33218
9.31287
9.29363
9.27447
9.25539
9.23638
9.21745
9.1986
9.17982
9.16112
9.14249
9.12393
9.10545
9.08705
9.06871
9.05045
9.03226
9.01414
8.99609
8.97811
8.9602
8.94236
8.92459
8.90689
8.88926
8.87169
8.85419
8.83676
8.8194
8.8021
8.78487
8.7677
8.7506
8.73356
8.71659
8.69968
8.68283
8.66605
8.64933
8.63267
8.61607
8.59954
8.58307
8.56666
8.5503
8.53401
8.51778
8.50161
8.4855
8.46944
8.45345
8.43751
8.42163
8.40581
8.39005
8.37434
8.35869
8.3431
8.32756
8.31207
8.29665
8.28128
8.26596
8.2507
8.23549
8.22033
8.20523
8.19018
8.17519
8.16025
8.14536
8.13052
8.11573
8.101
8.08632
8.07168
8.0571
8.04257
8.02809
8.01366
7.99928
7.98495
7.97067
7.95644
7.94225
7.92812
7.91403
7.89999
7.886
7.87206
7.85816
7.84431
7.83051
7.81675
7.80304
7.78938
7.77576
7.76219
7.74866
7.73518
7.72174
7.70835
7.695
7.6817
7.66844
7.65522
7.64205
7.62892
7.61584
7.60279
7.58979
7.57684
7.56392
7.55105
7.53822
7.52543
7.51268
7.49998
7.48731
7.47469
7.46211
7.44956
7.43706
7.4246
7.41218
7.3998
7.38745
7.37515
7.36289
7.35067
7.33848
7.32633
7.31423
7.30216
7.29012
7.27813
7.26618
7.25426
7.24238
7.23054
7.21873
7.20696
7.19523
7.18354
7.17188
7.16025
7.14867
7.13712
7.1256
7.11413
7.10268
7.09128
7.0799
7.06857
7.05726
7.046
7.03476
7.02357
7.0124
7.00127
6.99018
6.97911
6.96809
6.95709
6.94613
6.9352
6.92431
6.91345
6.90262
6.89182
6.88106
6.87033
6.85963
6.84896
6.83833
6.82772
6.81715
6.80661
6.79611
6.78563
6.77518
6.76477
6.75439
6.74404
6.73371
6.72342
6.71316
6.70293
6.69273
6.68256
6.67242
6.66231
6.65223
6.64218
6.63216
6.62217
6.61221
6.60227
6.59237
6.58249
6.57265
6.56283
6.55304
6.54328
6.53354
6.52384
6.51416
6.50451
6.49489
6.4853
6.47573
6.4662
6.45669
6.4472
6.43775
6.42832
6.41892
6.40954
6.40019
6.39087
6.38158
6.37231
6.36307
6.35385
6.34466
6.3355
6.32636
6.31725
6.30816
6.2991
6.29007
6.28106
6.27207
6.26311
6.25418
6.24527
6.23639
6.22753
6.2187
6.20989
6.2011
6.19234
6.18361
6.17489
6.16621
6.15754
6.14891
6.14029
6.1317
6.12313
6.11459
6.10607
6.09757
6.0891
6.08065
6.07222
6.06382
6.05544
6.04708
6.03875
6.03044
6.02215
6.01388
6.00564
5.99742
5.98922
5.98104
5.97289
5.96476
5.95665
5.94856
5.94049
5.93245
5.92443
5.91643
5.90845
5.90049
5.89255
5.88464
5.87675
5.86887
5.86102
5.85319
5.84539
5.8376
5.82983
5.82208
5.81436
5.80665
5.79897
5.79131
5.78366
5.77604
5.76844
5.76085
5.75329
5.74575
5.73823
5.73072
5.72324
5.71578
5.70834
5.70091
5.69351
5.68612
5.67876
5.67141
5.66409
5.65678
5.64949
5.64223
5.63498
5.62774
5.62053
5.61334
5.60617
5.59901
5.59187
5.58476
5.57766
5.57057
5.56351
5.55647
5.54944
5.54243
5.53544
5.52847
5.52152
5.51458
5.50767
5.50076
5.49388
5.48702
5.48017
5.47334
5.46653
5.45974
5.45296
5.4462
5.43946
5.43274
5.42603
5.41934
5.41267
5.40601
5.39937
5.39275
5.38614
5.37955
5.37298
5.36643
5.35989
5.35337
5.34686
5.34037
5.3339
5.32745
5.32101
5.31458
5.30818
5.30179
5.29541
5.28905
5.28271
5.27638
5.27007
5.26378
5.2575
5.25123
5.24499
5.23876
5.23254
5.22634
5.22015
5.21398
5.20783
5.20169
5.19557
5.18946
5.18336
5.17729
5.17122
5.16517
5.15914
5.15312
5.14712
5.14113
5.13516
5.1292
5.12326
5.11733
5.11141
5.10551
5.09963
5.09376
5.0879
5.08206
5.07623
5.07042
5.06462
5.05883
5.05306
5.04731
5.04157
5.03584
5.03012
5.02442
5.01874
5.01307
5.00741
5.00176
4.99613
4.99051
4.98491
4.97932
4.97374
4.96818
4.96263
4.9571
4.95157
4.94607
4.94057
4.93509
4.92962
4.92416
4.91872
4.91329
4.90788
4.90247
4.89708
4.8917
4.88634
4.88099
4.87565
4.87032
4.86501
4.85971
4.85442
4.84915
4.84389
4.83864
4.8334
4.82818
4.82297
4.81777
4.81258
4.8074
4.80224
4.79709
4.79195
4.78683
4.78172
4.77662
4.77153
4.76645
4.76138
4.75633
4.75129
4.74626
4.74125
4.73624
4.73125
4.72627
4.7213
4.71634
4.71139
4.70646
4.70154
4.69662
4.69172
4.68684
4.68196
4.67709
4.67224
4.6674
4.66257
4.65775
4.65294
4.64814
4.64335
4.63858
4.63382
4.62906
4.62432
4.61959
4.61487
4.61017
4.60547
4.60078
4.59611
4.59144
4.58679
4.58215
4.57751
4.57289
4.56828
4.56368
4.55909
4.55452
4.54995
4.54539
4.54084
4.53631
4.53178
4.52727
4.52276
4.51827
4.51378
4.50931
4.50485
4.50039
4.49595
4.49152
4.4871
4.48268
4.47828
4.47389
4.46951
4.46514
4.46077
4.45642
4.45208
4.44775
4.44343
4.43911
4.43481
4.43052
4.42624
4.42196
4.4177
4.41345
4.4092
4.40497
4.40074
4.39653
4.39232
4.38813
4.38394
4.37977
4.3756
4.37144
4.36729
4.36315
4.35902
4.3549
4.35079
4.34669
4.3426
4.33852
4.33444
4.33038
4.32632
4.32228
4.31824
4.31421
4.31019
4.30618
4.30218
4.29819
4.29421
4.29023
4.28627
4.28231
4.27836
4.27442
4.27049
4.26657
4.26266
4.25876
4.25486
4.25098
4.2471
4.24323
4.23937
4.23552
4.23168
4.22784
4.22402
4.2202
4.21639
4.21259
4.2088
4.20502
4.20124
4.19748
4.19372
4.18997
4.18623
4.18249
4.17877
4.17505
4.17134
4.16764
4.16395
4.16027
4.15659
4.15292
4.14926
4.14561
4.14197
4.13833
4.13471
4.13109
4.12748
4.12387
4.12028
4.11669
4.11311
4.10954
4.10598
4.10242
4.09887
4.09533
4.0918
4.08827
4.08475
4.08125
4.07774
4.07425
4.07076
4.06728
4.06381
4.06035
4.05689
4.05344
4.05
4.04657
4.04314
4.03972
4.03631
4.03291
4.02951
4.02612
4.02274
4.01937
4.016
4.01264
4.00929
4.00594
4.0026
3.99927
3.99595
3.99263
3.98932
3.98602
3.98273
3.97944
3.97616
3.97288
3.96962
3.96636
3.96311
3.95986
3.95662
3.95339
3.95017
3.94695
3.94374
3.94053
3.93734
3.93415
3.93096
3.92779
3.92462
3.92145
3.9183
3.91515
3.91201
3.90887
3.90574
3.90262
3.8995
3.89639
3.89329
3.8902
3.88711
3.88402
3.88095
3.87788
3.87482
3.87176
3.86871
3.86567
3.86263
3.8596
3.85658
3.85356
3.85055
3.84754
3.84454
3.84155
3.83857
3.83559
3.83261
3.82965
3.82669
3.82373
3.82078
3.81784
3.81491
3.81198
3.80905
3.80614
3.80323
3.80032
3.79742
3.79453
3.79165
3.78876
3.78589
3.78302
3.78016
3.7773
3.77445
3.77161
3.76877
3.76594
3.76311
3.76029
3.75748
3.75467
3.75187
3.74907
3.74628
3.74349
3.74072
3.73794
3.73517
3.73241
3.72966
3.72691
3.72416
3.72142
3.71869
3.71596
3.71324
3.71052
3.70781
3.70511
3.70241
3.69972
3.69703
3.69435
3.69167
3.689
3.68633
3.68367
3.68102
3.67837
3.67572
3.67308
3.67045
3.66782
3.6652
