23.5925
23.525
23.4577
23.3905
23.3234
23.2564
23.1896
23.1228
23.0562
22.9897
22.9234
22.8572
22.7911
22.7251
22.6593
22.5936
22.528
22.4626
22.3973
22.3321
22.2671
22.2022
22.1375
22.0729
22.0085
21.9442
21.88
21.816
21.7522
21.6885
21.6249
21.5615
21.4982
21.4351
21.3721
21.3093
21.2466
21.1841
21.1218
21.0595
20.9975
20.9356
20.8738
20.8122
20.7508
20.6894
20.6283
20.5673
20.5064
20.4458
20.3852
20.3248
20.2646
20.2045
20.1446
20.0848
20.0251
19.9656
19.9063
19.8471
19.7881
19.7292
19.6705
19.6119
19.5535
19.4952
19.4371
19.3791
19.3213
19.2636
19.2061
19.1487
19.0914
19.0344
18.9774
18.9206
18.864
18.8075
18.7511
18.695
18.6389
18.583
18.5272
18.4716
18.4162
18.3608
18.3057
18.2506
18.1957
18.141
18.0864
18.0319
17.9776
17.9235
17.8695
17.8156
17.7619
17.7083
17.6548
17.6015
17.5483
17.4953
17.4424
17.3897
17.3371
17.2847
17.2323
17.1802
17.1281
17.0763
17.0245
16.9729
16.9214
16.8701
16.8189
16.7678
16.7169
16.6661
16.6155
16.565
16.5146
16.4644
16.4143
16.3643
16.3145
16.2649
16.2153
16.1659
16.1166
16.0675
16.0185
15.9696
15.9209
15.8723
15.8238
15.7755
15.7273
15.6792
15.6313
15.5835
15.5358
15.4883
15.4409
15.3937
15.3465
15.2995
15.2526
15.2059
15.1593
15.1128
15.0665
15.0203
14.9742
14.9282
14.8824
14.8367
14.7911
14.7457
14.7004
14.6552
14.6101
14.5652
14.5204
14.4757
14.4312
14.3868
14.3425
14.2983
14.2543
14.2104
14.1666
14.123
14.0794
14.036
13.9927
13.9496
13.9065
13.8636
13.8208
13.7782
13.7356
13.6932
13.6509
13.6088
13.5667
13.5248
13.483
13.4413
13.3998
13.3583
13.317
13.2758
13.2348
13.1938
13.153
13.1123
13.0717
13.0312
12.9909
12.9506
12.9105
12.8705
12.8306
12.7909
12.7512
12.7117
12.6723
12.633
12.5939
12.5548
12.5159
12.4771
12.4383
12.3998
12.3613
12.3229
12.2847
12.2466
12.2086
12.1707
12.1329
12.0952
12.0577
12.0202
11.9829
11.9457
11.9086
11.8716
11.8347
11.798
11.7613
11.7248
11.6884
11.652
11.6158
11.5798
11.5438
11.5079
11.4721
11.4365
11.401
11.3655
11.3302
11.295
11.2599
11.2249
11.19
11.1552
11.1206
11.086
11.0516
11.0172
10.983
10.9488
10.9148
10.8809
10.8471
10.8134
10.7798
10.7463
10.7129
10.6796
10.6464
10.6134
10.5804
10.5475
10.5148
10.4821
10.4496
10.4171
10.3848
10.3525
10.3204
10.2884
10.2564
10.2246
10.1929
10.1612
10.1297
10.0983
10.0669
10.0357
10.0046
9.97358
9.94265
9.91183
9.8811
9.85048
9.81995
9.78953
9.7592
9.72897
9.69884
9.66881
9.63888
9.60904
9.5793
9.54966
9.52012
9.49067
9.46132
9.43206
9.4029
9.37384
9.34488
9.316
9.28723
9.25855
9.22996
9.20147
9.17308
9.14478
9.11657
9.08845
9.06043
9.03251
9.00467
8.97693
8.94928
8.92173
8.89426
8.86689
8.83961
8.81243
8.78533
8.75833
8.73141
8.70459
8.67786
8.65122
8.62466
8.5982
8.57183
8.54555
8.51936
8.49325
8.46724
8.44131
8.41547
8.38972
8.36406
8.33849
8.31301
8.28761
8.2623
8.23707
8.21194
8.18689
8.16192
8.13704
8.11225
8.08755
8.06293
8.03839
8.01394
7.98957
7.96529
7.9411
7.91699
7.89296
7.86902
7.84516
7.82138
7.79769
7.77408
7.75055
7.72711
7.70374
7.68047
7.65727
7.63415
7.61112
7.58816
7.56529
7.5425
7.51979
7.49716
7.47462
7.45215
7.42976
7.40745
7.38522
7.36307
7.341
7.31901
7.2971
7.27526
7.25351
7.23183
7.21023
7.18871
7.16726
7.1459
7.12461
7.1034
7.08226
7.0612
7.04022
7.01931
6.99848
6.97773
6.95705
6.93644
6.91591
6.89546
6.87508
6.85478
6.83454
6.81439
6.79431
6.7743
6.75436
6.7345
6.71471
6.695
6.67536
6.65579
6.63629
6.61686
6.59751
6.57823
6.55902
6.53988
6.52081
6.50182
6.48289
6.46404
6.44525
6.42654
6.4079
6.38932
6.37082
6.35238
6.33402
6.31572
6.29749
6.27934
6.26125
6.24322
6.22527
6.20739
6.18957
6.17182
6.15413
6.13652
6.11897
6.10149
6.08407
6.06672
6.04944
6.03222
6.01507
5.99799
5.98097
5.96401
5.94712
5.9303
5.91354
5.89685
5.88022
5.86365
5.84715
5.83071
5.81433
5.79802
5.78177
5.76559
5.74947
5.73341
5.71741
5.70147
5.6856
5.66979
5.65404
5.63835
5.62273
5.60716
5.59166
5.57622
5.56084
5.54552
5.53025
5.51505
5.49991
5.48483
5.46981
5.45485
5.43994
5.4251
5.41032
5.39559
5.38092
5.36631
5.35176
5.33727
5.32283
5.30845
5.29413
5.27987
5.26567
5.25152
5.23742
5.22339
5.20941
5.19549
5.18162
5.16781
5.15406
5.14036
5.12671
5.11312
5.09959
5.08611
5.07268
5.05931
5.046
5.03274
5.01953
5.00638
4.99328
4.98023
4.96724
4.9543
4.94141
4.92857
4.91579
4.90306
4.89039
4.87776
4.86519
4.85267
4.8402
4.82778
4.81541
4.8031
4.79083
4.77862
4.76646
4.75434
4.74228
4.73027
4.71831
4.70639
4.69453
4.68272
4.67095
4.65924
4.64757
4.63595
4.62438
4.61286
4.60139
4.58997
4.57859
4.56726
4.55598
4.54475
4.53357
4.52243
4.51134
4.50029
4.4893
4.47834
4.46744
4.45658
4.44577
4.435
4.42428
4.41361
4.40298
4.39239
4.38185
4.37136
4.36091
4.35051
4.34015
4.32983
4.31956
4.30933
4.29915
4.28901
4.27891
4.26886
4.25885
4.24888
4.23896
4.22908
4.21924
4.20945
4.19969
4.18998
4.18032
4.17069
4.1611
4.15156
4.14206
4.1326
4.12318
4.1138
4.10446
4.09517
4.08591
4.0767
4.06752
4.05839
4.04929
4.04024
4.03122
4.02224
4.01331
4.00441
3.99555
3.98673
3.97795
3.96921
3.96051
3.95185
3.94322
3.93463
3.92608
3.91757
3.9091
3.90066
3.89226
3.8839
3.87557
3.86729
3.85903
3.85082
3.84264
3.8345
3.8264
3.81833
3.8103
3.8023
3.79434
3.78641
3.77852
3.77067
3.76285
3.75506
3.74732
3.7396
3.73192
3.72428
3.71667
3.70909
3.70155
3.69404
3.68656
3.67912
3.67172
3.66434
3.657
3.6497
3.64242
3.63518
3.62798
3.6208
3.61366
3.60655
3.59947
3.59242
3.58541
3.57843
3.57148
3.56456
3.55768
3.55082
3.544
3.5372
3.53044
3.52371
3.51701
3.51034
3.50371
3.4971
3.49052
3.48397
3.47746
3.47097
3.46451
3.45808
3.45168
3.44532
3.43898
3.43267
3.42638
3.42013
3.41391
3.40771
3.40155
3.39541
3.3893
3.38322
3.37717
3.37114
3.36515
3.35918
3.35324
3.34732
3.34144
3.33558
3.32975
3.32394
3.31816
3.31241
3.30669
3.30099
3.29532
3.28968
3.28406
3.27847
3.2729
3.26736
3.26185
3.25636
3.2509
3.24546
3.24005
3.23466
3.2293
3.22396
3.21865
3.21337
3.20811
3.20287
3.19766
3.19247
3.1873
3.18217
3.17705
3.17196
3.16689
3.16185
3.15683
3.15183
3.14686
3.14191
3.13698
3.13208
3.1272
3.12234
3.11751
3.1127
3.10791
3.10314
3.0984
3.09368
3.08898
3.0843
3.07965
3.07502
3.07041
3.06582
3.06125
3.0567
3.05218
3.04768
3.04319
3.03873
3.03429
3.02987
3.02548
3.0211
3.01674
3.01241
3.00809
3.0038
2.99952
2.99527
2.99103
2.98682
2.98262
2.97845
2.97429
2.97016
2.96604
2.96195
2.95787
2.95381
2.94977
2.94576
2.94175
2.93777
2.93381
2.92987
2.92594
2.92203
2.91815
2.91428
2.91043
2.90659
2.90278
2.89898
2.8952
2.89144
2.8877
2.88397
2.88026
2.87657
2.8729
2.86924
2.8656
2.86198
2.85838
2.85479
2.85122
2.84766
2.84413
2.84061
2.8371
2.83361
2.83014
2.82669
2.82325
2.81983
2.81642
2.81303
2.80966
2.8063
2.80296
2.79963
2.79632
2.79302
2.78974
2.78648
2.78323
2.78
2.77678
2.77357
2.77038
2.76721
2.76405
2.76091
2.75778
2.75466
2.75156
2.74848
2.7454
2.74235
2.7393
2.73627
2.73326
2.73026
2.72727
2.7243
2.72134
2.71839
2.71546
2.71254
2.70964
2.70675
2.70387
2.70101
2.69815
2.69532
2.69249
2.68968
2.68688
2.68409
2.68132
2.67856
2.67581
2.67308
2.67035
2.66764
2.66495
2.66226
2.65959
2.65693
2.65428
2.65164
2.64902
2.64641
2.64381
2.64122
2.63864
2.63607
2.63352
2.63098
2.62845
2.62593
2.62342
2.62092
2.61844
2.61597
2.6135
2.61105
2.60861
2.60618
2.60376
2.60135
2.59896
2.59657
2.59419
2.59183
2.58948
2.58713
2.5848
2.58247
2.58016
2.57786
2.57557
2.57328
2.57101
2.56875
2.5665
2.56425
2.56202
2.5598
2.55758
2.55538
2.55319
2.551
2.54883
2.54666
2.54451
2.54236
2.54022
2.5381
2.53598
2.53387
2.53177
2.52968
2.52759
2.52552
2.52346
2.5214
2.51935
2.51732
2.51529
2.51327
2.51125
2.50925
2.50725
2.50527
2.50329
2.50132
2.49936
2.4974
2.49546
2.49352
2.49159
2.48967
2.48776
2.48585
2.48395
2.48206
2.48018
2.47831
2.47644
2.47458
2.47273
2.47089
2.46905
2.46722
2.4654
2.46359
2.46178
2.45998
2.45819
2.45641
2.45463
2.45286
2.4511
2.44934
2.44759
2.44585
2.44411
2.44239
2.44066
2.43895
2.43724
2.43554
2.43385
2.43216
2.43048
2.4288
2.42713
2.42547
2.42381
2.42217
2.42052
2.41889
2.41726
2.41563
2.41401
2.4124
2.4108
2.4092
2.4076
2.40601
2.40443
2.40286
2.40129
2.39972
2.39816
2.39661
2.39506
