23.6557
23.652
23.6484
23.645
23.6416
23.6382
23.6349
23.6316
23.6283
23.625
23.6217
23.6184
23.6151
23.6118
23.6085
23.6053
23.602
23.5987
23.5954
23.5921
23.5888
23.5855
23.5823
23.579
23.5757
23.5724
23.5691
23.5658
23.5625
23.5592
23.5558
23.5525
23.5492
23.5459
23.5426
23.5393
23.5359
23.5326
23.5293
23.526
23.5226
23.5193
23.5159
23.5126
23.5093
23.5059
23.5026
23.4992
23.4958
23.4925
23.4891
23.4858
23.4824
23.479
23.4757
23.4723
23.4689
23.4655
23.4621
23.4588
23.4554
23.452
23.4486
23.4452
23.4418
23.4384
23.435
23.4316
23.4282
23.4247
23.4213
23.4179
23.4145
23.4111
23.4076
23.4042
23.4008
23.3973
23.3939
23.3905
23.387
23.3836
23.3801
23.3767
23.3732
23.3698
23.3663
23.3628
23.3594
23.3559
23.3524
23.349
23.3455
23.342
23.3385
23.335
23.3316
23.3281
23.3246
23.3211
23.3176
23.3141
23.3106
23.3071
23.3036
23.3001
23.2966
23.293
23.2895
23.286
23.2825
23.279
23.2754
23.2719
23.2684
23.2648
23.2613
23.2578
23.2542
23.2507
23.2471
23.2436
23.24
23.2365
23.2329
23.2293
23.2258
23.2222
23.2186
23.2151
23.2115
23.2079
23.2043
23.2008
23.1972
23.1936
23.19
23.1864
23.1828
23.1792
23.1756
23.172
23.1684
23.1648
23.1612
23.1576
23.154
23.1504
23.1467
23.1431
23.1395
23.1359
23.1322
23.1286
23.125
23.1213
23.1177
23.1141
23.1104
23.1068
23.1031
23.0995
23.0958
23.0922
23.0885
23.0849
23.0812
23.0775
23.0739
23.0702
23.0665
23.0629
23.0592
23.0555
23.0518
23.0481
23.0445
23.0408
23.0371
23.0334
23.0297
23.026
23.0223
23.0186
23.0149
23.0112
23.0075
23.0038
23.0
22.9963
22.9926
22.9889
22.9852
22.9814
22.9777
22.974
22.9703
22.9665
22.9628
22.959
22.9553
22.9516
22.9478
22.9441
22.9403
22.9366
22.9328
22.9291
22.9253
22.9215
22.9178
22.914
22.9102
22.9065
22.9027
22.8989
22.8951
22.8914
22.8876
22.8838
22.88
22.8762
22.8724
22.8686
22.8648
22.861
22.8572
22.8534
22.8496
22.8458
22.842
22.8382
22.8344
22.8306
22.8268
22.823
22.8191
22.8153
22.8115
22.8077
22.8038
22.8
22.7962
22.7923
22.7885
22.7846
22.7808
22.777
22.7731
22.7693
22.7654
22.7616
22.7577
22.7538
22.75
22.7461
22.7423
22.7384
22.7345
22.7307
22.7268
22.7229
22.719
22.7152
22.7113
22.7074
22.7035
22.6996
22.6957
22.6919
22.688
22.6841
22.6802
22.6763
22.6724
22.6685
22.6646
22.6607
22.6567
22.6528
22.6489
22.645
22.6411
22.6372
22.6332
22.6293
22.6254
22.6215
22.6175
22.6136
22.6097
22.6057
22.6018
22.5979
22.5939
22.59
22.586
22.5821
22.5781
22.5742
22.5702
22.5663
22.5623
22.5584
22.5544
22.5504
22.5465
22.5425
22.5385
22.5346
22.5306
22.5266
22.5226
22.5187
22.5147
22.5107
22.5067
22.5027
22.4987
22.4948
22.4908
22.4868
22.4828
22.4788
22.4748
22.4708
22.4668
22.4628
22.4588
22.4548
22.4507
22.4467
22.4427
22.4387
22.4347
22.4307
22.4266
22.4226
22.4186
22.4146
22.4105
22.4065
22.4025
22.3984
22.3944
22.3904
22.3863
22.3823
22.3782
22.3742
22.3701
22.3661
22.362
22.358
22.3539
22.3499
22.3458
22.3417
22.3377
22.3336
22.3295
22.3255
22.3214
22.3173
22.3133
22.3092
22.3051
22.301
22.297
22.2929
22.2888
22.2847
22.2806
22.2765
22.2724
22.2683
22.2642
22.2601
22.256
22.2519
22.2478
22.2437
22.2396
22.2355
22.2314
22.2273
22.2232
22.2191
22.215
22.2108
22.2067
22.2026
22.1985
22.1944
22.1902
22.1861
22.182
22.1778
22.1737
22.1696
22.1654
22.1613
22.1572
22.153
22.1489
22.1447
22.1406
22.1364
22.1323
22.1281
22.124
22.1198
22.1157
22.1115
22.1073
22.1032
22.099
22.0948
22.0907
22.0865
22.0823
22.0782
22.074
22.0698
22.0656
22.0615
22.0573
22.0531
22.0489
22.0447
22.0405
22.0364
22.0322
22.028
22.0238
22.0196
22.0154
22.0112
22.007
22.0028
21.9986
21.9944
21.9902
21.986
21.9818
21.9775
21.9733
21.9691
21.9649
21.9607
21.9565
21.9522
21.948
21.9438
21.9396
21.9353
21.9311
21.9269
21.9227
21.9184
21.9142
21.9099
21.9057
21.9015
21.8972
21.893
21.8887
21.8845
21.8803
21.876
21.8717
21.8675
21.8632
21.859
21.8547
21.8505
21.8462
21.842
21.8377
21.8334
21.8292
21.8249
21.8206
21.8164
21.8121
21.8078
21.8035
21.7993
21.795
21.7907
21.7864
21.7821
21.7779
21.7736
21.7693
21.765
21.7607
21.7564
21.7521
21.7478
21.7435
21.7392
21.7349
21.7306
21.7263
21.722
21.7177
21.7134
21.7091
21.7048
21.7005
21.6962
21.6919
21.6875
21.6832
21.6789
21.6746
21.6703
21.666
21.6616
21.6573
21.653
21.6486
21.6443
21.64
21.6357
21.6313
21.627
21.6227
21.6183
21.614
21.6096
21.6053
21.601
21.5966
21.5923
21.5879
21.5836
21.5792
21.5749
21.5705
21.5662
21.5618
21.5574
21.5531
21.5487
21.5444
21.54
21.5356
21.5313
21.5269
21.5225
21.5182
21.5138
21.5094
21.5051
21.5007
21.4963
21.4919
21.4875
21.4832
21.4788
21.4744
21.47
21.4656
21.4612
21.4568
21.4525
21.4481
21.4437
21.4393
21.4349
21.4305
21.4261
21.4217
21.4173
21.4129
21.4085
21.4041
21.3997
21.3953
21.3909
21.3865
21.3821
21.3776
21.3732
21.3688
21.3644
21.36
21.3556
21.3511
21.3467
21.3423
21.3379
21.3334
21.329
21.3246
21.3202
21.3157
21.3113
21.3069
21.3024
21.298
21.2936
21.2891
21.2847
21.2803
21.2758
21.2714
21.2669
21.2625
21.258
21.2536
21.2491
21.2447
21.2402
21.2358
21.2313
21.2269
21.2224
21.218
21.2135
21.209
21.2046
21.2001
21.1957
21.1912
21.1867
21.1823
21.1778
21.1733
21.1689
21.1644
21.1599
21.1554
21.151
21.1465
21.142
21.1375
21.133
21.1286
21.1241
21.1196
21.1151
21.1106
21.1061
21.1017
21.0972
21.0927
21.0882
21.0837
21.0792
21.0747
21.0702
21.0657
21.0612
21.0567
21.0522
21.0477
21.0432
21.0387
21.0342
21.0297
21.0252
21.0207
21.0162
21.0116
21.0071
21.0026
20.9981
20.9936
20.9891
20.9845
20.98
20.9755
20.971
20.9665
20.9619
20.9574
20.9529
20.9484
20.9438
20.9393
20.9348
20.9302
20.9257
20.9212
20.9166
20.9121
20.9076
20.903
20.8985
20.894
20.8894
20.8849
20.8803
20.8758
20.8712
20.8667
20.8621
20.8576
20.853
20.8485
20.8439
20.8394
20.8348
20.8303
20.8257
20.8212
20.8166
20.812
20.8075
20.8029
20.7984
20.7938
20.7892
20.7847
20.7801
20.7755
20.771
20.7664
20.7618
20.7572
20.7527
20.7481
20.7435
20.7389
20.7344
20.7298
20.7252
20.7206
20.7161
20.7115
20.7069
20.7023
20.6977
20.6931
20.6885
20.684
20.6794
20.6748
20.6702
20.6656
20.661
20.6564
20.6518
20.6472
20.6426
20.638
20.6334
20.6288
20.6242
20.6196
20.615
20.6104
20.6058
20.6012
20.5966
20.592
20.5874
20.5828
20.5782
20.5735
20.5689
20.5643
20.5597
20.5551
20.5505
20.5459
20.5412
20.5366
20.532
20.5274
20.5227
20.5181
20.5135
20.5089
20.5042
20.4996
20.495
20.4904
20.4857
20.4811
20.4765
20.4718
20.4672
20.4626
20.4579
20.4533
20.4487
20.444
20.4394
20.4347
20.4301
20.4255
20.4208
20.4162
20.4115
20.4069
20.4022
20.3976
20.393
20.3883
20.3837
20.379
20.3744
20.3697
20.365
20.3604
20.3557
20.3511
20.3464
20.3418
20.3371
20.3324
20.3278
20.3231
20.3185
20.3138
20.3091
20.3045
20.2998
20.2951
20.2905
20.2858
20.2811
20.2765
20.2718
20.2671
20.2625
20.2578
20.2531
20.2484
20.2438
20.2391
20.2344
20.2297
20.225
20.2204
20.2157
20.211
20.2063
20.2016
20.197
20.1923
20.1876
20.1829
20.1782
20.1735
20.1688
20.1641
20.1595
20.1548
20.1501
20.1454
20.1407
20.136
20.1313
20.1266
20.1219
20.1172
20.1125
20.1078
20.1031
20.0984
20.0937
20.089
20.0843
20.0796
20.0749
20.0702
20.0655
20.0608
20.0561
20.0514
20.0466
20.0419
20.0372
20.0325
20.0278
20.0231
20.0184
20.0137
20.0089
20.0042
19.9995
19.9948
19.9901
19.9854
19.9806
19.9759
19.9712
19.9665
19.9618
19.957
19.9523
19.9476
19.9429
19.9381
19.9334
19.9287
19.9239
19.9192
19.9145
19.9097
19.905
19.9003
19.8955
19.8908
19.8861
19.8813
19.8766
19.8719
19.8671
19.8624
19.8577
19.8529
19.8482
19.8434
19.8387
19.834
19.8292
19.8245
19.8197
19.815
19.8102
19.8055
19.8007
19.796
19.7912
19.7865
19.7817
19.777
19.7722
19.7675
19.7627
19.758
19.7532
19.7485
19.7437
19.739
19.7342
19.7295
19.7247
19.7199
19.7152
19.7104
19.7057
19.7009
19.6961
19.6914
19.6866
19.6818
19.6771
19.6723
19.6675
19.6628
19.658
19.6532
19.6485
19.6437
19.6389
19.6342
19.6294
19.6246
19.6199
19.6151
19.6103
19.6055
19.6008
19.596
19.5912
19.5864
19.5816
19.5769
19.5721
19.5673
19.5625
19.5578
19.553
19.5482
19.5434
19.5386
19.5338
19.5291
19.5243
19.5195
19.5147
19.5099
19.5051
19.5003
19.4956
19.4908
19.486
19.4812
19.4764
19.4716
19.4668
19.462
19.4572
