2.30259
2.29889
2.29479
2.29198
2.28755
2.28775
2.28491
2.28105
2.27587
2.27527
2.27347
2.27021
2.27047
2.25754
2.2608
2.25957
2.25064
2.24301
2.24391
2.23908
2.23649
2.22844
2.23283
2.23294
2.23005
2.21701
2.22147
2.22188
2.20297
2.21533
2.22205
2.2082
2.20712
2.20254
2.20386
2.19946
2.18495
2.1887
2.1856
2.19458
2.18071
2.18729
2.16039
2.18177
2.18123
2.14323
2.16022
2.17068
2.16603
2.16539
2.14739
2.14636
2.13504
2.12454
2.12388
2.12976
2.12757
2.15564
2.14818
2.12398
2.09578
2.10386
2.12158
2.11901
2.12134
2.09626
2.10448
2.1282
2.14282
2.09161
2.11163
2.12225
2.15581
2.14248
2.12873
2.11331
2.11145
2.11621
2.08303
2.06771
2.0498
2.09111
2.0948
2.07681
2.09616
2.04075
2.08078
2.10925
2.09276
2.04299
2.04253
2.06927
2.06968
2.07002
2.02191
2.08503
2.03602
2.02027
2.01973
2.02688
2.03331
2.04966
2.01681
1.98801
2.00785
2.02221
2.03619
2.03794
1.99515
2.01415
1.95492
2.02257
2.00653
2.02101
2.00486
2.0263
2.03436
2.02876
2.02306
2.019
2.01498
1.97065
2.00503
2.0357
2.01774
2.00084
2.03701
1.98916
2.01424
2.01099
2.00117
2.00008
1.9617
2.02802
1.92374
1.9305
2.00529
1.99286
1.97146
2.03142
1.97629
1.96614
1.99163
2.00902
1.97324
2.00072
2.05679
2.03507
1.97694
1.97689
1.94379
1.98269
1.9497
1.97021
1.95768
1.91003
1.93867
2.00934
2.01041
1.93196
1.9857
1.92834
1.93306
1.94993
1.91737
1.89643
1.94604
1.95734
1.9913
1.97802
1.95623
1.90107
1.94581
1.89326
1.94456
2.01148
1.99576
1.97613
1.98957
1.89133
1.94362
1.87897
1.89136
1.93898
1.97726
1.8931
1.92174
1.88362
1.89037
1.88813
1.96433
1.93147
1.83988
1.87763
1.84598
1.86141
1.83271
1.80418
1.86103
1.92333
1.95225
1.90152
1.88964
1.85867
1.83245
1.87748
1.79492
1.86735
1.89486
1.88654
1.86273
1.84145
1.82384
1.89297
1.88005
1.84886
1.86614
1.82785
1.80597
1.74515
1.8645
1.94728
1.85127
1.83522
1.88491
1.98867
1.84366
1.7949
1.84712
1.79732
1.81984
1.84023
1.79665
1.80706
1.85603
1.84406
1.892
1.856
1.82968
1.84412
1.82318
1.80274
1.86627
1.82935
1.80282
1.85198
1.82122
1.90646
1.82553
1.87501
1.77905
1.79929
1.79439
1.76513
1.77238
1.75404
1.77232
1.77141
1.87178
1.82625
1.75464
1.77521
1.81449
1.84051
1.85976
1.85184
1.82098
1.79412
1.81593
1.772
1.79311
1.81441
1.805
1.80562
1.81357
1.78999
1.77343
1.84101
1.76626
1.70948
1.68733
1.72866
1.70485
1.79782
1.68054
1.73915
1.78986
1.76312
1.7317
1.76291
1.81108
1.83994
1.73415
1.71561
1.62133
1.77366
1.75831
1.84855
1.84832
1.8669
1.80888
1.87857
1.7467
1.74073
1.791
1.82001
1.84726
1.81317
1.77149
1.764
1.78471
1.69462
1.80688
1.86607
1.81212
1.78879
1.83546
1.86228
1.76382
1.76297
1.73757
1.80061
1.84487
1.78571
1.79601
1.77603
1.72794
1.76365
1.70127
1.7074
1.74859
1.72722
1.73471
1.78398
1.74749
1.76044
1.71364
1.70368
1.61295
1.68367
1.76052
1.72646
1.67677
1.68493
1.71543
1.70118
1.70443
1.71823
1.81061
1.73842
1.69
1.77433
1.7654
1.70607
1.67885
1.70621
1.72222
1.67564
1.68572
1.74888
1.81542
1.64151
1.6115
1.65351
1.77518
1.62768
1.6175
1.60246
1.68602
1.67676
1.679
1.67696
1.66942
1.71223
1.72047
1.74757
1.68101
1.64049
1.7166
1.64322
1.73603
1.59209
1.69793
1.74012
1.632
1.71126
1.69733
1.63767
1.61621
1.60819
1.58202
1.58862
1.61426
1.69815
1.73539
1.66874
1.65315
1.75165
1.68373
1.71526
1.62631
1.63562
1.63995
1.64011
1.64446
1.67216
1.64489
1.68304
1.55619
1.61988
1.71235
1.66186
1.68118
1.75759
1.74763
1.77251
1.65701
1.77501
1.64769
1.67003
1.55628
1.70839
1.7048
1.70835
1.69992
1.64873
1.60176
1.57226
1.61687
1.69245
1.74926
1.6187
1.61087
1.55463
1.55079
1.6451
1.57742
1.63766
1.64835
1.67051
1.63369
1.72013
1.71145
1.69597
1.60795
1.53638
1.58516
1.64554
1.69536
1.6283
1.65576
1.62025
1.59971
1.5461
1.69728
1.59865
1.60278
1.6225
1.69418
1.66269
1.70132
1.60819
1.64851
1.68797
1.62124
1.56531
1.56798
1.5538
1.54897
1.49821
1.55097
1.55962
1.67654
1.66936
1.63481
1.59017
1.60779
1.54358
1.52147
1.63132
1.54057
1.44066
1.48793
1.56296
1.47609
1.55728
1.50505
1.49333
1.54109
1.70982
1.7109
1.62997
1.58852
1.47991
1.60979
1.77543
1.68989
1.60561
1.65797
1.65555
