2.30259
1.98993
1.85183
1.68361
1.19379
1.18187
1.14784
1.00593
1.21552
1.14713
1.15495
0.815892
0.881726
1.34502
0.981203
0.696686
0.604355
0.504681
0.587329
0.569058
0.614282
0.414587
0.483429
0.529896
0.602301
0.465611
0.547824
0.623329
0.467776
0.53355
0.63846
0.48275
0.54114
0.510866
0.462985
0.604373
0.507727
0.557577
0.423005
0.422619
0.460584
0.539644
0.445185
0.501447
0.419765
0.346314
0.549686
0.511069
0.444076
0.514349
0.465739
0.632546
0.330413
0.502804
0.297822
0.413215
0.453517
0.438616
0.453707
0.373059
0.282869
0.366357
0.391727
0.282721
0.463404
0.261935
0.37574
0.352206
0.528269
0.50614
0.539212
0.477645
0.674336
0.521705
0.363304
0.372224
0.478797
0.434236
0.558502
0.445534
0.317205
0.506976
0.639499
0.344797
0.525692
0.302948
0.566071
0.835625
0.631145
0.44772
0.318044
0.361892
0.501755
0.457084
0.499964
0.38725
0.324397
0.412913
0.309887
0.27202
0.389278
0.307121
0.521171
0.268244
0.330726
0.220763
0.272114
0.48955
0.318641
0.333559
0.268046
0.282142
0.422338
0.287773
0.287867
0.57525
0.481306
0.550238
0.368414
0.322566
0.362487
0.362576
0.44729
0.47473
0.427
0.552395
0.652099
0.436411
0.306543
0.513081
0.69875
0.525216
0.278914
0.419449
0.262423
0.309263
0.471228
0.460542
0.380861
0.620531
0.467817
0.477704
0.480358
0.645404
0.345686
0.550752
0.620006
0.668812
0.50548
0.324699
0.251303
0.506708
0.385961
0.307441
0.343635
0.35896
0.272729
0.531561
0.473452
0.514226
0.454932
0.300308
0.336549
0.281592
0.329352
0.422379
0.443163
0.41942
0.342982
0.443007
0.419438
0.400516
0.458208
0.198605
0.468869
0.580886
0.403726
0.446838
0.499318
0.257021
0.318203
0.238921
0.289718
0.24954
0.409756
0.387492
0.285363
0.296546
0.310176
0.257276
0.387359
0.319516
0.400828
0.354568
0.277617
0.464982
0.209763
0.17417
0.393737
0.388921
0.489237
0.46409
0.367218
0.269028
0.200109
0.408206
0.344343
0.448138
0.448961
0.661025
0.416869
0.357829
0.20933
0.382684
0.239607
0.383373
0.312927
0.22925
0.183595
0.337481
0.209129
0.436315
0.499363
0.178597
0.449691
0.734891
0.348885
0.375856
0.228402
0.18371
0.444743
0.363945
0.236641
0.304898
0.319283
0.315908
0.346329
0.44112
0.414891
0.389253
0.340895
0.271471
0.479024
0.26536
0.36333
0.363929
0.443767
0.545781
0.330741
0.426295
0.277532
0.293699
0.307835
0.362118
0.218565
0.285675
0.261052
0.275953
0.339467
0.301647
0.237666
0.227283
0.277325
0.517567
0.378471
0.392616
0.519118
0.532639
0.492544
0.240256
0.211766
0.537484
0.364474
0.27594
0.350937
0.293268
0.367677
0.359939
0.283493
0.238853
0.17867
0.374614
0.23355
0.530338
0.28854
0.300978
0.657891
0.330681
0.202828
0.28522
0.318646
0.471623
0.380195
0.386871
0.28465
0.337952
0.271467
0.446522
0.49756
0.525718
0.383939
0.497587
0.318107
0.259523
0.329113
0.343807
0.531073
0.327302
0.457775
0.321838
0.361809
0.592776
0.404835
0.679265
0.404343
0.278744
0.467076
0.561265
0.345482
0.319293
0.353957
0.455694
0.472035
0.494981
0.51184
0.308116
0.336474
0.443873
0.315444
0.283032
0.325592
0.25129
0.373398
0.434984
0.326819
0.325021
0.202621
0.315541
0.135379
0.161556
0.28105
0.206872
0.212724
0.231939
0.444522
0.506494
0.491222
0.362621
0.528137
0.307885
0.229563
0.306214
0.32924
0.248976
0.430555
0.19454
0.367119
0.239099
0.219689
0.327974
0.391431
0.297524
0.227117
0.22841
0.42495
0.222807
0.132611
0.332779
0.336463
0.206937
0.378731
0.432425
0.445526
0.797535
0.760768
0.478244
0.306644
0.36866
0.350114
0.402696
0.331979
0.179111
0.356337
0.372075
0.215406
0.531518
0.439871
0.2894
0.169903
0.212065
0.216608
0.296669
0.258808
0.619995
0.636016
0.285004
0.391203
0.350195
0.339169
0.429243
0.302354
0.29116
0.252627
0.313558
0.330337
0.356886
0.249791
0.286093
0.20555
0.302988
0.370238
0.230712
0.473545
0.395004
0.525548
0.440763
0.23056
0.322991
0.245878
0.371313
0.374756
0.415014
0.26352
0.547353
0.527088
0.435524
0.251544
0.38092
0.375843
0.450196
0.353505
0.301576
0.344077
0.174209
0.163887
0.288438
0.303451
0.248445
0.411921
0.417713
0.229564
0.38349
0.356075
0.444013
0.410685
0.232721
0.172446
0.275986
0.459772
0.363922
0.543095
0.384011
0.27695
0.198247
0.497395
0.393867
0.375419
0.305286
0.483399
0.398441
0.46069
0.370385
0.594754
0.432169
0.383969
0.173485
0.239007
0.30748
0.207596
0.267984
0.280934
0.233552
0.4586
0.355023
0.361383
0.313978
0.476472
0.377704
0.168126
0.498998
0.26386
0.176612
0.19281
0.510643
0.135664
0.298041
0.265899
0.166107
0.272836
0.517093
0.592067
0.283553
0.349857
0.193254
0.434625
0.633361
0.494448
0.221861
0.587068
0.287342
