23.6596
23.6592
23.6588
23.6585
23.6582
23.6578
23.6575
23.6572
23.6568
23.6565
23.6562
23.6558
23.6555
23.6552
23.6549
23.6545
23.6542
23.6539
23.6535
23.6532
23.6529
23.6525
23.6522
23.6519
23.6516
23.6512
23.6509
23.6506
23.6502
23.6499
23.6496
23.6492
23.6489
23.6486
23.6482
23.6479
23.6476
23.6472
23.6469
23.6466
23.6462
23.6459
23.6456
23.6452
23.6449
23.6445
23.6442
23.6439
23.6435
23.6432
23.6429
23.6425
23.6422
23.6418
23.6415
23.6412
23.6408
23.6405
23.6401
23.6398
23.6395
23.6391
23.6388
23.6384
23.6381
23.6377
23.6374
23.6371
23.6367
23.6364
23.636
23.6357
23.6353
23.635
23.6346
23.6343
23.6339
23.6336
23.6332
23.6329
23.6326
23.6322
23.6319
23.6315
23.6312
23.6308
23.6305
23.6301
23.6298
23.6294
23.6291
23.6287
23.6284
23.628
23.6276
23.6273
23.6269
23.6266
23.6262
23.6259
23.6255
23.6252
23.6248
23.6245
23.6241
23.6237
23.6234
23.623
23.6227
23.6223
23.622
23.6216
23.6212
23.6209
23.6205
23.6202
23.6198
23.6194
23.6191
23.6187
23.6184
23.618
23.6176
23.6173
23.6169
23.6166
23.6162
23.6158
23.6155
23.6151
23.6147
23.6144
23.614
23.6137
23.6133
23.6129
23.6126
23.6122
23.6118
23.6115
23.6111
23.6107
23.6104
23.61
23.6096
23.6093
23.6089
23.6085
23.6081
23.6078
23.6074
23.607
23.6067
23.6063
23.6059
23.6056
23.6052
23.6048
23.6044
23.6041
23.6037
23.6033
23.6029
23.6026
23.6022
23.6018
23.6014
23.6011
23.6007
23.6003
23.5999
23.5996
23.5992
23.5988
23.5984
23.5981
23.5977
23.5973
23.5969
23.5966
23.5962
23.5958
23.5954
23.595
23.5947
23.5943
23.5939
23.5935
23.5931
23.5928
23.5924
23.592
23.5916
23.5912
23.5908
23.5905
23.5901
23.5897
23.5893
23.5889
23.5885
23.5882
23.5878
23.5874
23.587
23.5866
23.5862
23.5858
23.5854
23.5851
23.5847
23.5843
23.5839
23.5835
23.5831
23.5827
23.5823
23.582
23.5816
23.5812
23.5808
23.5804
23.58
23.5796
23.5792
23.5788
23.5784
23.578
23.5776
23.5773
23.5769
23.5765
23.5761
23.5757
23.5753
23.5749
23.5745
23.5741
23.5737
23.5733
23.5729
23.5725
23.5721
23.5717
23.5713
23.5709
23.5705
23.5701
23.5697
23.5693
23.5689
23.5685
23.5681
23.5677
23.5673
23.5669
23.5665
23.5661
23.5657
23.5653
23.5649
23.5645
23.5641
23.5637
23.5633
23.5629
23.5625
23.5621
23.5617
23.5613
23.5609
23.5605
23.5601
23.5597
23.5593
23.5589
23.5585
23.5581
23.5577
23.5573
23.5569
23.5564
23.556
23.5556
23.5552
23.5548
23.5544
23.554
23.5536
23.5532
23.5528
23.5524
23.5519
23.5515
23.5511
23.5507
23.5503
23.5499
23.5495
23.5491
23.5487
23.5482
23.5478
23.5474
23.547
23.5466
23.5462
23.5458
23.5453
23.5449
23.5445
23.5441
23.5437
23.5433
23.5429
23.5424
23.542
23.5416
23.5412
23.5408
23.5403
23.5399
23.5395
23.5391
23.5387
23.5383
23.5378
23.5374
23.537
23.5366
23.5362
23.5357
23.5353
23.5349
23.5345
23.534
23.5336
23.5332
23.5328
23.5324
23.5319
23.5315
23.5311
23.5307
23.5302
23.5298
23.5294
23.529
23.5285
23.5281
23.5277
23.5273
23.5268
23.5264
23.526
23.5256
23.5251
23.5247
23.5243
23.5239
23.5234
23.523
23.5226
23.5221
23.5217
23.5213
23.5209
23.5204
23.52
23.5196
23.5191
23.5187
23.5183
23.5178
23.5174
23.517
23.5165
23.5161
23.5157
23.5152
23.5148
23.5144
23.5139
23.5135
23.5131
23.5126
23.5122
23.5118
23.5113
23.5109
23.5105
23.51
23.5096
23.5092
23.5087
23.5083
23.5078
23.5074
23.507
23.5065
23.5061
23.5057
23.5052
23.5048
23.5043
23.5039
23.5035
23.503
23.5026
23.5021
23.5017
23.5013
23.5008
23.5004
23.4999
23.4995
23.499
23.4986
23.4982
23.4977
23.4973
23.4968
23.4964
23.4959
23.4955
23.4951
23.4946
23.4942
23.4937
23.4933
23.4928
23.4924
23.4919
23.4915
23.491
23.4906
23.4902
23.4897
23.4893
23.4888
23.4884
23.4879
23.4875
23.487
23.4866
23.4861
23.4857
23.4852
23.4848
23.4843
23.4839
23.4834
23.483
23.4825
23.4821
23.4816
23.4812
23.4807
23.4803
23.4798
23.4794
23.4789
23.4784
23.478
23.4775
23.4771
23.4766
23.4762
23.4757
23.4753
23.4748
23.4743
23.4739
23.4734
23.473
23.4725
23.4721
23.4716
23.4712
23.4707
23.4702
23.4698
23.4693
23.4689
23.4684
23.4679
23.4675
23.467
23.4666
23.4661
23.4657
23.4652
23.4647
23.4643
23.4638
23.4633
23.4629
23.4624
23.462
23.4615
23.461
23.4606
23.4601
23.4596
23.4592
23.4587
23.4583
23.4578
23.4573
23.4569
23.4564
23.4559
23.4555
23.455
23.4545
23.4541
23.4536
23.4531
23.4527
23.4522
23.4517
23.4513
23.4508
23.4503
23.4499
23.4494
23.4489
23.4485
23.448
23.4475
23.4471
23.4466
23.4461
23.4456
23.4452
23.4447
23.4442
23.4438
23.4433
23.4428
23.4423
23.4419
23.4414
23.4409
23.4405
23.44
23.4395
23.439
23.4386
23.4381
23.4376
23.4371
23.4367
23.4362
23.4357
23.4352
23.4348
23.4343
23.4338
23.4333
23.4329
23.4324
23.4319
23.4314
23.431
23.4305
23.43
23.4295
23.429
23.4286
23.4281
23.4276
23.4271
23.4267
23.4262
23.4257
23.4252
23.4247
23.4243
23.4238
23.4233
23.4228
23.4223
23.4218
23.4214
23.4209
23.4204
23.4199
23.4194
23.419
23.4185
23.418
23.4175
23.417
23.4165
23.4161
23.4156
23.4151
23.4146
23.4141
23.4136
23.4131
23.4127
23.4122
23.4117
23.4112
23.4107
23.4102
23.4097
23.4093
23.4088
23.4083
23.4078
23.4073
23.4068
23.4063
23.4058
23.4053
23.4049
23.4044
23.4039
23.4034
23.4029
23.4024
23.4019
23.4014
23.4009
23.4004
23.4
23.3995
23.399
23.3985
23.398
23.3975
23.397
23.3965
23.396
23.3955
23.395
23.3945
23.394
23.3935
23.3931
23.3926
23.3921
23.3916
23.3911
23.3906
23.3901
23.3896
23.3891
23.3886
23.3881
23.3876
23.3871
23.3866
23.3861
23.3856
23.3851
23.3846
23.3841
23.3836
23.3831
23.3826
23.3821
23.3816
23.3811
23.3806
23.3801
23.3796
23.3791
23.3786
23.3781
23.3776
23.3771
23.3766
23.3761
23.3756
23.3751
23.3746
23.3741
23.3736
23.3731
23.3726
23.3721
23.3716
23.3711
23.3706
23.3701
23.3696
23.3691
23.3686
23.3681
23.3675
23.367
23.3665
23.366
23.3655
23.365
23.3645
23.364
23.3635
23.363
23.3625
23.362
23.3615
23.361
23.3605
23.3599
23.3594
23.3589
23.3584
23.3579
23.3574
23.3569
23.3564
23.3559
23.3554
23.3548
23.3543
23.3538
23.3533
23.3528
23.3523
23.3518
23.3513
23.3508
23.3502
23.3497
23.3492
23.3487
23.3482
23.3477
23.3472
23.3466
23.3461
23.3456
23.3451
23.3446
23.3441
23.3436
23.343
23.3425
23.342
23.3415
23.341
23.3405
23.34
23.3394
23.3389
23.3384
23.3379
23.3374
23.3368
23.3363
23.3358
23.3353
23.3348
23.3343
23.3337
23.3332
23.3327
23.3322
23.3317
23.3311
23.3306
23.3301
23.3296
23.3291
23.3285
23.328
23.3275
23.327
23.3264
23.3259
23.3254
23.3249
23.3244
23.3238
23.3233
23.3228
23.3223
23.3217
23.3212
23.3207
23.3202
23.3196
23.3191
23.3186
23.3181
23.3175
23.317
23.3165
23.316
23.3154
23.3149
23.3144
23.3139
23.3133
23.3128
23.3123
23.3118
23.3112
23.3107
23.3102
23.3096
23.3091
23.3086
23.3081
23.3075
23.307
23.3065
23.3059
23.3054
23.3049
23.3043
23.3038
23.3033
23.3028
23.3022
23.3017
23.3012
23.3006
23.3001
23.2996
23.299
23.2985
23.298
23.2974
23.2969
23.2964
23.2958
23.2953
23.2948
23.2942
23.2937
23.2932
23.2926
23.2921
23.2916
23.291
23.2905
23.29
23.2894
23.2889
23.2883
23.2878
23.2873
23.2867
23.2862
23.2857
23.2851
23.2846
23.284
23.2835
23.283
23.2824
23.2819
23.2814
23.2808
23.2803
23.2797
23.2792
23.2787
23.2781
23.2776
23.277
23.2765
23.276
23.2754
23.2749
23.2743
23.2738
23.2733
23.2727
23.2722
23.2716
23.2711
23.2705
23.27
23.2695
23.2689
23.2684
23.2678
23.2673
23.2667
23.2662
23.2656
23.2651
23.2646
23.264
23.2635
23.2629
23.2624
23.2618
23.2613
23.2607
23.2602
23.2596
23.2591
23.2586
23.258
23.2575
23.2569
23.2564
23.2558
23.2553
23.2547
23.2542
23.2536
23.2531
23.2525
23.252
23.2514
23.2509
23.2503
23.2498
23.2492
23.2487
23.2481
23.2476
23.247
23.2465
23.2459
23.2454
23.2448
23.2443
23.2437
23.2432
23.2426
23.2421
23.2415
23.241
23.2404
23.2398
23.2393
23.2387
23.2382
23.2376
23.2371
23.2365
23.236
23.2354
23.2349
23.2343
23.2337
23.2332
23.2326
23.2321
23.2315
23.231
23.2304
23.2299
23.2293
23.2287
23.2282
23.2276
23.2271
23.2265
23.226
23.2254
23.2248
23.2243
23.2237
23.2232
23.2226
23.222
23.2215
23.2209
23.2204
23.2198
23.2192
23.2187
23.2181
23.2176
23.217
23.2164
23.2159
23.2153
23.2148
23.2142
23.2136
23.2131
23.2125
23.2119
23.2114
23.2108
23.2103
23.2097
23.2091
23.2086
23.208
23.2074
23.2069
23.2063
23.2057
23.2052
23.2046
23.204
23.2035
