23.6532
23.6465
23.6397
23.633
23.6262
23.6195
23.6127
23.606
23.5992
23.5925
23.5857
23.579
23.5722
23.5655
23.5587
23.552
23.5453
23.5385
23.5318
23.525
23.5183
23.5116
23.5048
23.4981
23.4914
23.4847
23.4779
23.4712
23.4645
23.4578
23.4511
23.4443
23.4376
23.4309
23.4242
23.4175
23.4108
23.4041
23.3974
23.3906
23.3839
23.3772
23.3705
23.3638
23.3571
23.3504
23.3438
23.3371
23.3304
23.3237
23.317
23.3103
23.3036
23.2969
23.2903
23.2836
23.2769
23.2702
23.2635
23.2569
23.2502
23.2435
23.2369
23.2302
23.2235
23.2169
23.2102
23.2035
23.1969
23.1902
23.1836
23.1769
23.1702
23.1636
23.1569
23.1503
23.1437
23.137
23.1304
23.1237
23.1171
23.1104
23.1038
23.0972
23.0905
23.0839
23.0773
23.0706
23.064
23.0574
23.0508
23.0441
23.0375
23.0309
23.0243
23.0177
23.011
23.0044
22.9978
22.9912
22.9846
22.978
22.9714
22.9648
22.9582
22.9516
22.945
22.9384
22.9318
22.9252
22.9186
22.912
22.9054
22.8988
22.8922
22.8857
22.8791
22.8725
22.8659
22.8593
22.8528
22.8462
22.8396
22.833
22.8265
22.8199
22.8133
22.8068
22.8002
22.7936
22.7871
22.7805
22.774
22.7674
22.7608
22.7543
22.7477
22.7412
22.7346
22.7281
22.7215
22.715
22.7085
22.7019
22.6954
22.6888
22.6823
22.6758
22.6692
22.6627
22.6562
22.6496
22.6431
22.6366
22.6301
22.6235
22.617
22.6105
22.604
22.5975
22.591
22.5844
22.5779
22.5714
22.5649
22.5584
22.5519
22.5454
22.5389
22.5324
22.5259
22.5194
22.5129
22.5064
22.4999
22.4934
22.4869
22.4804
22.474
22.4675
22.461
22.4545
22.448
22.4416
22.4351
22.4286
22.4221
22.4157
22.4092
22.4027
22.3962
22.3898
22.3833
22.3769
22.3704
22.3639
22.3575
22.351
22.3446
22.3381
22.3317
22.3252
22.3188
22.3123
22.3059
22.2994
22.293
22.2865
22.2801
22.2737
22.2672
22.2608
22.2544
22.2479
22.2415
22.2351
22.2286
22.2222
22.2158
22.2094
22.2029
22.1965
22.1901
22.1837
22.1773
22.1708
22.1644
22.158
22.1516
22.1452
22.1388
22.1324
22.126
22.1196
22.1132
22.1068
22.1004
22.094
22.0876
22.0812
22.0748
22.0684
22.0621
22.0557
22.0493
22.0429
22.0365
22.0301
22.0238
22.0174
22.011
22.0046
21.9983
21.9919
21.9855
21.9792
21.9728
21.9664
21.9601
21.9537
21.9473
21.941
21.9346
21.9283
21.9219
21.9156
21.9092
21.9029
21.8965
21.8902
21.8838
21.8775
21.8711
21.8648
21.8585
21.8521
21.8458
21.8395
21.8331
21.8268
21.8205
21.8141
21.8078
21.8015
21.7952
21.7888
21.7825
21.7762
21.7699
21.7636
21.7572
21.7509
21.7446
21.7383
21.732
21.7257
21.7194
21.7131
21.7068
21.7005
21.6942
21.6879
21.6816
21.6753
21.669
21.6627
21.6564
21.6501
21.6438
21.6376
21.6313
21.625
21.6187
21.6124
21.6062
21.5999
21.5936
21.5873
21.5811
21.5748
21.5685
21.5622
21.556
21.5497
21.5435
21.5372
21.5309
21.5247
21.5184
21.5122
21.5059
21.4996
21.4934
21.4872
21.4809
21.4747
21.4684
21.4622
21.4559
21.4497
21.4434
21.4372
21.431
21.4247
21.4185
21.4123
21.406
21.3998
21.3936
21.3874
21.3811
21.3749
21.3687
21.3625
21.3563
21.35
21.3438
21.3376
21.3314
21.3252
21.319
21.3128
21.3066
21.3004
21.2942
21.2879
21.2817
21.2756
21.2694
21.2632
21.257
21.2508
21.2446
21.2384
21.2322
21.226
21.2198
21.2136
21.2075
21.2013
21.1951
21.1889
21.1827
21.1766
21.1704
21.1642
21.1581
21.1519
21.1457
21.1395
21.1334
21.1272
21.1211
21.1149
21.1087
21.1026
21.0964
21.0903
21.0841
21.078
21.0718
21.0657
21.0595
21.0534
21.0472
21.0411
21.0349
21.0288
21.0227
21.0165
21.0104
21.0043
20.9981
20.992
20.9859
20.9797
20.9736
20.9675
20.9614
20.9552
20.9491
20.943
20.9369
20.9308
20.9247
20.9185
20.9124
20.9063
20.9002
20.8941
20.888
20.8819
20.8758
20.8697
20.8636
20.8575
20.8514
20.8453
20.8392
20.8331
20.827
20.8209
20.8148
20.8088
20.8027
20.7966
20.7905
20.7844
20.7783
20.7723
20.7662
20.7601
20.754
20.748
20.7419
20.7358
20.7298
20.7237
20.7176
20.7116
20.7055
20.6994
20.6934
20.6873
20.6813
20.6752
20.6692
20.6631
20.6571
20.651
20.645
20.6389
20.6329
20.6268
20.6208
20.6147
20.6087
20.6027
20.5966
20.5906
20.5846
20.5785
20.5725
20.5665
20.5604
20.5544
20.5484
20.5424
20.5364
20.5303
20.5243
20.5183
20.5123
20.5063
20.5003
20.4942
20.4882
20.4822
20.4762
20.4702
20.4642
20.4582
20.4522
20.4462
20.4402
20.4342
20.4282
20.4222
20.4162
20.4102
20.4042
20.3983
20.3923
20.3863
20.3803
20.3743
20.3683
20.3624
20.3564
20.3504
20.3444
20.3385
20.3325
20.3265
20.3205
20.3146
20.3086
20.3026
20.2967
20.2907
20.2848
20.2788
20.2728
20.2669
20.2609
20.255
20.249
20.2431
20.2371
20.2312
20.2252
20.2193
20.2133
20.2074
20.2015
20.1955
20.1896
20.1836
20.1777
20.1718
20.1658
20.1599
20.154
20.148
20.1421
20.1362
20.1303
20.1244
20.1184
20.1125
20.1066
20.1007
20.0948
20.0888
20.0829
20.077
20.0711
20.0652
20.0593
20.0534
20.0475
20.0416
20.0357
20.0298
20.0239
20.018
20.0121
20.0062
20.0003
19.9944
19.9885
19.9826
19.9768
19.9709
19.965
19.9591
19.9532
19.9473
19.9415
19.9356
19.9297
19.9238
19.918
19.9121
19.9062
19.9003
19.8945
19.8886
19.8828
19.8769
19.871
19.8652
19.8593
19.8535
19.8476
19.8417
19.8359
19.83
19.8242
19.8183
19.8125
19.8066
19.8008
19.795
19.7891
19.7833
19.7774
19.7716
19.7658
19.7599
19.7541
19.7483
19.7424
19.7366
19.7308
19.7249
19.7191
19.7133
19.7075
19.7017
19.6958
19.69
19.6842
19.6784
19.6726
19.6668
19.6609
19.6551
19.6493
19.6435
19.6377
19.6319
19.6261
19.6203
19.6145
19.6087
19.6029
19.5971
19.5913
19.5855
19.5797
19.574
19.5682
19.5624
19.5566
19.5508
19.545
19.5392
19.5335
19.5277
19.5219
19.5161
19.5104
19.5046
19.4988
19.493
19.4873
19.4815
19.4757
19.47
19.4642
19.4584
19.4527
19.4469
19.4412
19.4354
19.4297
19.4239
19.4181
19.4124
19.4066
19.4009
19.3952
19.3894
19.3837
19.3779
19.3722
19.3664
19.3607
19.355
19.3492
19.3435
19.3378
19.332
19.3263
19.3206
19.3148
19.3091
19.3034
19.2977
19.2919
19.2862
19.2805
19.2748
19.2691
19.2634
19.2576
19.2519
19.2462
19.2405
19.2348
19.2291
19.2234
19.2177
19.212
19.2063
19.2006
19.1949
19.1892
19.1835
19.1778
19.1721
19.1664
19.1607
19.155
19.1493
19.1437
19.138
19.1323
19.1266
19.1209
19.1152
19.1096
19.1039
19.0982
19.0925
19.0869
19.0812
19.0755
19.0699
19.0642
19.0585
19.0529
19.0472
19.0415
19.0359
19.0302
19.0246
19.0189
19.0132
19.0076
19.0019
18.9963
18.9906
18.985
18.9793
18.9737
18.9681
18.9624
18.9568
18.9511
18.9455
18.9399
18.9342
18.9286
18.923
18.9173
18.9117
18.9061
18.9004
18.8948
18.8892
18.8836
18.8779
18.8723
18.8667
18.8611
18.8555
18.8499
18.8442
18.8386
18.833
18.8274
18.8218
18.8162
18.8106
18.805
18.7994
18.7938
18.7882
18.7826
18.777
18.7714
18.7658
18.7602
18.7546
18.749
18.7434
18.7378
18.7322
18.7267
18.7211
18.7155
18.7099
18.7043
18.6987
18.6932
18.6876
18.682
18.6764
18.6709
18.6653
18.6597
18.6542
18.6486
18.643
18.6375
18.6319
18.6263
18.6208
18.6152
18.6097
18.6041
18.5986
18.593
18.5875
18.5819
18.5764
18.5708
18.5653
18.5597
18.5542
18.5486
18.5431
18.5375
18.532
18.5265
18.5209
18.5154
18.5099
18.5043
18.4988
18.4933
18.4877
18.4822
18.4767
18.4712
18.4656
18.4601
18.4546
18.4491
18.4436
18.4381
18.4325
18.427
18.4215
18.416
18.4105
18.405
18.3995
18.394
18.3885
18.383
18.3775
18.372
18.3665
18.361
18.3555
18.35
18.3445
18.339
18.3335
18.328
18.3225
18.317
18.3116
18.3061
18.3006
18.2951
18.2896
18.2842
18.2787
18.2732
18.2677
18.2622
18.2568
18.2513
18.2458
18.2404
18.2349
18.2294
18.224
18.2185
18.2131
18.2076
18.2021
18.1967
18.1912
18.1858
18.1803
18.1749
18.1694
18.164
18.1585
18.1531
18.1476
18.1422
18.1367
18.1313
18.1258
18.1204
18.115
18.1095
18.1041
18.0987
18.0932
18.0878
18.0824
18.0769
18.0715
18.0661
18.0607
18.0552
18.0498
18.0444
18.039
18.0336
18.0281
18.0227
18.0173
18.0119
18.0065
18.0011
17.9957
17.9903
17.9849
17.9795
17.9741
17.9687
17.9633
17.9579
17.9525
17.9471
17.9417
17.9363
17.9309
17.9255
17.9201
17.9147
17.9093
17.9039
17.8985
17.8932
17.8878
17.8824
17.877
17.8716
17.8663
17.8609
17.8555
17.8501
17.8448
17.8394
17.834
17.8287
17.8233
17.8179
17.8126
17.8072
17.8018
17.7965
17.7911
17.7858
17.7804
17.775
17.7697
17.7643
17.759
17.7536
17.7483
17.7429
17.7376
17.7323
17.7269
17.7216
17.7162
17.7109
17.7055
17.7002
17.6949
17.6895
17.6842
17.6789
17.6735
17.6682
17.6629
17.6576
17.6522
17.6469
17.6416
