2.30259
2.68971
4.97348
5.83821
4.45374
4.39499
3.78168
5.1315
2.13844
1.78398
1.11557
0.787558
0.923687
2.50053
1.69893
1.02424
0.699197
0.336985
0.514874
0.441107
0.56056
0.295962
0.381447
0.420976
0.502514
0.45355
0.553491
0.670181
0.561609
0.528684
0.645969
0.623552
0.833932
0.450053
0.329007
0.579289
0.654591
0.722882
0.365349
0.326577
0.461952
0.551798
0.432739
0.546696
0.342761
0.26292
0.522237
0.43582
0.36779
0.535181
0.398324
0.688176
0.223323
0.427025
0.203699
0.406117
0.411018
0.364358
0.393509
0.303438
0.238125
0.324299
0.349172
0.254375
0.475301
0.197799
0.313379
0.280441
0.574409
0.630401
0.971665
0.934025
0.647936
0.62057
0.317243
0.322038
0.431426
0.345152
0.765898
0.522189
0.257925
0.576734
0.707582
0.265457
0.564261
0.30441
0.601612
0.938044
0.899586
0.594785
0.335452
0.329186
0.483604
0.451656
0.657976
0.380012
0.26551
0.386674
0.267817
0.279756
0.407769
0.254951
0.575271
0.453371
0.388694
0.194105
0.215089
0.469022
0.335069
0.322894
0.231203
0.219246
0.413472
0.274569
0.264485
0.583717
0.490527
0.547886
0.383111
0.40339
0.445176
0.538228
0.503766
0.549023
0.455009
0.671587
0.816212
0.455074
0.274191
0.558134
0.799444
0.695845
0.217514
0.406174
0.251723
0.337784
0.475461
0.43841
0.352122
0.656219
0.506761
0.516739
0.488183
0.712061
0.335489
0.495819
0.658469
1.04328
0.744742
0.301744
0.244227
0.499618
0.409383
0.345879
0.385244
0.328056
0.208901
0.475898
0.413844
0.557586
0.471461
0.258592
0.294096
0.223536
0.321692
0.510448
0.474584
0.419156
0.262267
0.414247
0.430647
0.389549
0.41539
0.174473
0.521915
0.612731
0.367965
0.45029
0.496044
0.235618
0.340679
0.226161
0.270902
0.221739
0.403975
0.4645
0.227866
0.291748
0.316148
0.192259
0.378785
0.23377
0.369227
0.399009
0.317828
0.49368
0.233643
0.136727
0.394545
0.417802
0.625523
0.458191
0.409524
0.31404
0.196726
0.430455
0.380489
0.455656
0.478531
0.806759
0.478564
0.438997
0.226637
0.368434
0.264314
0.465486
0.339672
0.222721
0.158237
0.352513
0.160496
0.412419
0.6471
0.145334
0.437017
0.779731
0.339216
0.385542
0.222737
0.15889
0.499746
0.396045
0.2034
0.254458
0.311624
0.340802
0.291707
0.506492
0.389999
0.427492
0.322014
0.254602
0.49842
0.261726
0.36328
0.365158
0.51078
0.603655
0.356932
0.422781
0.258442
0.257308
0.271673
0.369458
0.179384
0.281253
0.232615
0.268493
0.306587
0.293733
0.222721
0.186105
0.253633
0.551588
0.32141
0.365063
0.545024
0.573392
0.69458
0.291501
0.208441
0.634715
0.358815
0.300705
0.30951
0.296973
0.394155
0.331168
0.245086
0.22352
0.154608
0.407254
0.195232
0.586411
0.330418
0.307853
0.722154
0.315094
0.204332
0.248827
0.275915
0.407361
0.386162
0.367164
0.291415
0.286563
0.249569
0.419733
0.463919
0.528488
0.357119
0.485849
0.328547
0.239243
0.276361
0.28039
0.506463
0.306374
0.428969
0.325717
0.375171
0.689246
0.381529
0.744348
0.38563
0.241655
0.478819
0.577166
0.41173
0.327084
0.394661
0.465941
0.469388
0.504399
0.603483
0.315044
0.339642
0.459223
0.342
0.309249
0.280941
0.241958
0.403746
0.504534
0.290046
0.310976
0.196027
0.335089
0.164399
0.147263
0.246137
0.188391
0.218777
0.186275
0.470332
0.612383
0.772723
0.637724
0.614414
0.451876
0.336404
0.293877
0.349062
0.211314
0.497798
0.170871
0.341054
0.193486
0.188157
0.338932
0.354524
0.278706
0.237518
0.218029
0.41884
0.271048
0.114877
0.341988
0.376482
0.224011
0.422083
0.470993
0.488958
0.910989
0.779818
0.555983
0.471867
0.473875
0.467485
0.453358
0.325257
0.140428
0.360163
0.36643
0.232973
0.540853
0.448642
0.302007
0.179021
0.206267
0.244393
0.301595
0.251808
0.694738
0.811234
0.397081
0.372585
0.375756
0.271095
0.462433
0.373949
0.312418
0.233862
0.370241
0.415355
0.466953
0.255749
0.281993
0.193739
0.330969
0.405229
0.182583
0.535637
0.403924
0.604082
0.437849
0.208704
0.275064
0.207
0.44673
0.426863
0.436922
0.237615
0.566333
0.599567
0.48359
0.25888
0.442604
0.379206
0.445293
0.306043
0.300931
0.358569
0.166248
0.137526
0.303087
0.295877
0.203438
0.417723
0.44387
0.215648
0.340246
0.322736
0.42706
0.429486
0.232885
0.158178
0.254131
0.504235
0.369102
0.57424
0.416566
0.287006
0.158739
0.495823
0.387478
0.407112
0.342261
0.545115
0.412588
0.46273
0.359626
0.722455
0.518734
0.423502
0.145277
0.216913
0.365756
0.192659
0.242234
0.252831
0.17299
0.476884
0.374371
0.394669
0.373734
0.501831
0.454023
0.169031
0.553979
0.291841
0.134969
0.172603
0.529223
0.193396
0.281921
0.341361
0.163307
0.267087
0.560771
0.627698
0.212416
0.319047
0.193523
0.466372
0.604215
0.522004
0.241857
0.720076
0.228474
