20.811
18.3294
16.1677
14.2848
12.6445
11.2156
9.97068
8.88608
7.94105
7.11758
6.39998
5.77456
5.22943
4.75422
4.3399
3.97861
3.6635
3.38861
3.14875
2.93938
2.75659
2.59693
2.45741
2.33545
2.22877
2.1354
2.05362
1.98194
1.91905
1.86382
1.81527
1.77252
1.73484
1.70156
1.67212
1.64604
1.62286
1.60223
1.5838
1.56731
1.55249
1.53914
1.52707
1.51611
1.50612
1.49697
1.48856
1.4808
1.47359
1.46688
1.46059
1.45468
1.44909
1.44379
1.43874
1.4339
1.42926
1.42478
1.42045
1.41625
1.41217
1.40818
1.40428
1.40046
1.39671
1.39302
1.38938
1.38579
1.38224
1.37873
1.37526
1.37181
1.3684
1.36501
1.36164
1.35829
1.35496
1.35165
1.34836
1.34508
1.34182
1.33857
1.33533
1.33211
1.32889
1.32569
1.3225
1.31931
1.31614
1.31298
1.30983
1.30668
1.30354
1.30042
1.2973
1.29419
1.29108
1.28799
1.2849
1.28182
1.27875
1.27569
1.27263
1.26959
1.26655
1.26351
1.26049
1.25747
1.25446
1.25145
1.24846
1.24547
1.24249
1.23951
1.23654
1.23358
1.23063
1.22769
1.22475
1.22181
1.21889
1.21597
1.21306
1.21016
1.20726
1.20437
1.20149
1.19861
1.19574
1.19288
1.19002
1.18718
1.18433
1.1815
1.17867
1.17585
1.17304
1.17023
1.16743
1.16463
1.16184
1.15906
1.15629
1.15352
1.15076
1.148
1.14526
1.14252
1.13978
1.13705
1.13433
1.13162
1.12891
1.1262
1.12351
1.12082
1.11814
1.11546
1.11279
1.11013
1.10747
1.10482
1.10217
1.09953
1.0969
1.09428
1.09166
1.08904
1.08644
1.08384
1.08124
1.07866
1.07607
1.0735
1.07093
1.06836
1.06581
1.06326
1.06071
1.05817
1.05564
1.05311
1.05059
1.04808
1.04557
1.04306
1.04057
1.03808
1.03559
1.03311
1.03064
1.02817
1.02571
1.02326
1.02081
1.01836
1.01593
1.01349
1.01107
1.00865
1.00623
1.00383
1.00142
0.999026
0.996634
0.994249
0.991869
0.989494
0.987126
0.984763
0.982406
0.980054
0.977708
0.975368
0.973033
0.970704
0.968381
0.966062
0.96375
0.961443
0.959142
0.956846
0.954555
0.952271
0.949991
0.947717
0.945449
0.943185
0.940928
0.938675
0.936429
0.934187
0.931951
0.92972
0.927495
0.925274
0.92306
0.92085
0.918646
0.916447
0.914253
0.912065
0.909882
0.907704
0.905531
0.903363
0.901201
0.899044
0.896892
0.894745
0.892603
0.890466
0.888335
0.886209
0.884087
0.881971
0.87986
0.877754
0.875653
0.873557
0.871466
0.86938
0.867299
0.865223
0.863152
0.861085
0.859024
0.856968
0.854917
0.85287
0.850829
0.848792
0.846761
0.844734
0.842712
0.840694
0.838682
0.836674
0.834672
0.832674
0.830681
0.828692
0.826709
0.82473
0.822756
0.820786
0.818821
0.816861
0.814906
0.812955
0.81101
0.809068
0.807132
0.8052
0.803272
0.801349
0.799431
0.797518
0.795609
0.793704
0.791804
0.789909
0.788018
0.786132
0.78425
0.782373
0.7805
0.778632
0.776768
0.774909
0.773054
0.771203
0.769357
0.767516
0.765679
0.763846
0.762017
0.760193
0.758374
0.756558
0.754748
0.752941
0.751138
0.74934
0.747547
0.745757
0.743972
0.742191
0.740415
0.738642
0.736874
0.735111
0.733351
0.731596
0.729844
0.728097
0.726354
0.724616
0.722881
0.721151
0.719425
0.717703
0.715985
0.714271
0.712561
0.710855
0.709154
0.707456
0.705763
0.704073
0.702388
0.700707
0.69903
0.697356
0.695687
0.694022
0.692361
0.690703
0.68905
0.6874
0.685755
0.684114
0.682476
0.680843
0.679213
0.677587
0.675965
0.674347
0.672733
0.671122
0.669516
0.667913
0.666315
0.66472
0.663129
0.661541
0.659958
0.658378
0.656802
0.65523
0.653661
0.652097
0.650536
0.648979
0.647425
0.645876
0.644329
0.642787
0.641248
0.639714
0.638182
0.636655
0.635131
0.63361
0.632094
0.630581
0.629071
0.627566
0.626064
0.624565
0.62307
0.621578
0.62009
0.618606
0.617125
0.615648
0.614175
0.612704
0.611238
0.609775
0.608315
0.606859
0.605406
0.603957
0.602511
0.601069
0.59963
0.598195
0.596763
0.595335
0.59391
0.592488
0.59107
0.589655
0.588244
0.586835
0.585431
0.584029
0.582632
0.581237
0.579846
0.578458
0.577073
0.575692
0.574313
0.572939
0.571567
0.570199
0.568834
0.567473
0.566114
0.564759
0.563407
0.562059
0.560713
0.559371
0.558032
0.556696
0.555364
0.554034
0.552708
0.551385
0.550066
0.548749
0.547435
0.546125
0.544818
0.543514
0.542212
0.540915
0.53962
0.538328
0.53704
0.535754
0.534472
0.533192
0.531916
0.530643
0.529373
0.528105
0.526841
0.52558
0.524322
0.523067
0.521815
0.520566
0.51932
0.518077
0.516837
0.515599
0.514365
0.513134
0.511906
0.51068
0.509458
0.508239
0.507022
0.505808
0.504598
0.50339
0.502185
0.500983
0.499784
0.498587
0.497394
0.496203
0.495015
0.493831
0.492649
0.491469
0.490293
0.489119
0.487948
0.48678
0.485615
0.484453
0.483293
0.482136
0.480982
0.479831
0.478682
0.477537
0.476393
0.475253
0.474116
0.472981
0.471849
0.470719
0.469592
0.468468
0.467347
0.466228
0.465112
0.463999
0.462888
0.46178
0.460675
0.459572
0.458472
0.457375
0.45628
0.455187
0.454098
0.453011
0.451927
0.450845
0.449766
0.448689
0.447615
0.446543
0.445475
0.444408
0.443344
0.442283
0.441225
0.440168
0.439115
0.438064
0.437015
0.435969
0.434926
0.433885
0.432846
0.43181
0.430776
0.429745
0.428716
0.42769
0.426666
0.425645
0.424626
0.42361
0.422596
0.421584
0.420575
0.419568
0.418564
0.417562
0.416563
0.415565
0.414571
0.413578
0.412588
0.411601
0.410616
0.409633
0.408652
0.407674
0.406698
0.405725
0.404753
0.403785
0.402818
0.401854
0.400892
0.399932
0.398975
0.39802
0.397067
0.396117
0.395169
0.394223
0.393279
0.392338
0.391399
0.390462
0.389527
0.388595
0.387664
0.386736
0.385811
0.384887
0.383966
0.383047
0.38213
0.381215
0.380303
0.379392
0.378484
0.377578
0.376675
0.375773
0.374873
0.373976
0.373081
0.372188
0.371297
0.370408
0.369522
0.368637
0.367755
0.366874
0.365996
0.36512
0.364246
0.363374
0.362504
0.361637
0.360771
0.359907
0.359046
0.358187
0.357329
0.356474
0.35562
0.354769
0.35392
0.353073
0.352228
0.351384
0.350543
0.349704
0.348867
0.348032
0.347199
0.346368
0.345539
0.344712
0.343887
0.343064
0.342242
0.341423
0.340606
0.339791
0.338977
0.338166
0.337356
0.336549
0.335743
0.33494
0.334138
0.333338
0.33254
0.331744
0.33095
0.330158
0.329367
0.328579
0.327793
0.327008
0.326225
0.325444
0.324665
0.323888
0.323113
0.322339
0.321568
0.320798
0.32003
0.319264
0.3185
0.317738
0.316977
0.316218
0.315461
0.314706
0.313953
0.313201
0.312452
0.311704
0.310958
0.310213
0.309471
0.30873
0.307991
0.307254
0.306518
0.305785
0.305053
0.304322
0.303594
0.302867
0.302142
0.301419
0.300698
0.299978
0.29926
0.298543
0.297829
0.297116
0.296405
0.295695
0.294987
0.294281
0.293577
0.292874
0.292173
0.291474
0.290776
0.29008
0.289386
0.288693
0.288002
0.287313
0.286625
0.285939
0.285254
0.284571
0.28389
0.283211
0.282533
0.281857
0.281182
0.280509
0.279837
0.279167
0.278499
0.277833
0.277168
0.276504
0.275842
0.275182
0.274523
0.273866
0.273211
0.272557
0.271904
0.271253
0.270604
0.269956
0.26931
0.268666
0.268022
0.267381
0.266741
0.266102
0.265465
0.26483
0.264196
0.263564
0.262933
0.262303
0.261675
0.261049
0.260424
0.259801
0.259179
0.258559
0.25794
0.257322
0.256706
0.256092
0.255479
0.254867
0.254257
0.253649
0.253042
0.252436
0.251832
0.251229
0.250627
0.250027
0.249429
0.248832
0.248236
0.247642
0.247049
0.246458
0.245868
0.245279
0.244692
0.244106
0.243522
0.242939
0.242358
0.241778
0.241199
0.240622
0.240046
0.239471
0.238898
0.238326
0.237755
0.237186
0.236619
0.236052
0.235487
0.234923
0.234361
0.2338
0.23324
0.232682
0.232125
0.23157
0.231015
0.230462
0.229911
0.22936
0.228811
0.228264
0.227717
0.227172
0.226628
0.226086
0.225545
0.225005
0.224466
0.223929
0.223393
0.222858
0.222325
0.221793
0.221262
0.220732
0.220204
0.219677
0.219151
0.218626
0.218103
0.217581
0.21706
0.21654
0.216022
0.215505
0.214989
0.214474
0.213961
0.213449
0.212938
0.212428
0.21192
0.211413
0.210906
0.210402
0.209898
0.209396
0.208894
0.208394
0.207895
0.207398
0.206901
0.206406
0.205912
0.205419
0.204927
0.204437
0.203948
0.203459
0.202972
0.202487
0.202002
0.201518
0.201036
0.200555
0.200075
0.199596
0.199118
0.198641
0.198166
0.197691
0.197218
0.196746
0.196275
0.195805
0.195337
0.194869
0.194403
0.193937
0.193473
0.19301
0.192548
0.192087
0.191627
0.191169
0.190711
0.190255
0.189799
0.189345
0.188892
0.188439
0.187988
0.187538
0.187089
0.186642
0.186195
0.185749
0.185305
0.184861
0.184419
0.183977
0.183537
0.183097
0.182659
0.182222
0.181786
0.18135
0.180916
0.180483
0.180051
0.17962
0.17919
0.178761
0.178334
0.177907
0.177481
0.177056
0.176632
0.176209
0.175788
0.175367
0.174947
0.174528
0.174111
0.173694
0.173278
0.172863
0.172449
0.172037
0.171625
0.171214
0.170804
0.170395
0.169987
0.169581
0.169175
0.16877
0.168366
0.167963
0.167561
0.16716
0.166759
0.16636
0.165962
0.165565
0.165169
0.164773
0.164379
0.163985
0.163593
0.163201
0.16281
0.162421
0.162032
0.161644
0.161257
0.160871
0.160486
0.160102
0.159719
0.159336
0.158955
0.158575
0.158195
0.157816
0.157438
0.157062
0.156686
0.156311
0.155936
0.155563
0.155191
0.154819
0.154449
0.154079
0.15371
0.153342
0.152975
0.152609
0.152244
0.151879
0.151516
0.151153
0.150791
0.15043
0.15007
0.149711
0.149353
0.148995
0.148639
0.148283
