17.44
12.338
8.35632
5.46956
3.61347
2.67345
2.4786
2.80885
3.42029
4.08382
4.62179
4.92788
4.9664
4.75774
4.35853
3.84307
3.28831
2.7629
2.31982
1.9921
1.79143
1.70941
1.72144
1.7926
1.88461
1.96268
2.00083
1.98496
1.91328
1.79459
1.64496
1.48373
1.32968
1.19779
1.09718
1.03032
0.993541
0.978564
0.974707
0.971265
0.959566
0.934346
0.894249
0.84148
0.780791
0.718114
0.659156
0.608248
0.567649
0.537377
0.515538
0.499016
0.484331
0.468443
0.449352
0.426367
0.400048
0.371869
0.343728
0.317432
0.294287
0.274857
0.258948
0.245763
0.234186
0.223094
0.211624
0.199338
0.186253
0.172758
0.159444
0.146918
0.135636
0.125807
0.117367
0.110041
0.103438
0.0971717
0.090952
0.0846442
0.0782718
0.071979
0.0659653
0.0604166
0.0554507
0.0510908
0.047271
0.043864
0.0407239
0.0377258
0.0347944
0.0319131
0.0291148
0.0264604
0.0240128
0.0218144
0.0198748
0.0181707
0.016655
0.0152728
0.0139761
0.0127347
0.0115404
0.0104028
0.00934157
0.00837609
0.00751796
0.00676651
0.00610946
0.00552721
0.00499864
0.00450674
0.00404196
0.00360262
0.00319297
0.00281959
0.00248778
0.00219907
0.00195044
0.0017352
0.00154512
0.00137268
0.0012127
0.00106314
0.000924588
0.000799072
0.000688584
0.000593961
0.000514391
0.000447525
0.000390264
0.00033959
0.000293321
0.000250458
0.000211056
0.000175812
0.000145477
0.000120396
0.000100288
8.43012e-05
7.12744e-05
6.00849e-05
4.995e-05
4.05296e-05
3.18923e-05
2.43409e-05
1.81789e-05
1.35385e-05
1.03038e-05
8.14728e-06
6.64717e-06
5.42107e-06
4.23036e-06
3.0145e-06
1.85717e-06
9.06125e-07
2.86429e-07
3.97832e-08
1.10651e-07
3.72252e-07
6.77309e-07
9.12373e-07
1.02845e-06
1.04195e-06
1.01309e-06
1.01005e-06
1.07861e-06
1.22621e-06
1.42285e-06
1.62006e-06
1.77102e-06
1.85036e-06
1.85935e-06
1.82183e-06
1.76869e-06
1.7264e-06
1.70651e-06
1.7047e-06
1.70513e-06
1.69011e-06
1.64836e-06
1.57865e-06
1.48937e-06
1.39335e-06
1.30303e-06
1.22452e-06
1.15798e-06
1.09835e-06
1.03802e-06
9.7207e-07
8.99049e-07
8.22087e-07
7.45909e-07
6.75263e-07
6.13239e-07
5.59832e-07
5.12472e-07
4.68288e-07
4.24333e-07
3.80282e-07
3.36996e-07
2.96128e-07
2.5968e-07
2.28237e-07
2.016e-07
1.78668e-07
1.5796e-07
1.38418e-07
1.19664e-07
1.01886e-07
8.57639e-08
7.18901e-08
6.05045e-08
5.13482e-08
4.3812e-08
3.72076e-08
3.11129e-08
2.53616e-08
2.00942e-08
1.55427e-08
1.19538e-08
9.28107e-09
7.4091e-09
5.98527e-09
4.80061e-09
3.67379e-09
2.58088e-09
1.58231e-09
8.48345e-10
4.05365e-10
2.38899e-10
2.61721e-10
3.47043e-10
4.01087e-10
3.90514e-10
3.43107e-10
3.00261e-10
3.19094e-10
4.08111e-10
5.4894e-10
7.04745e-10
8.34437e-10
9.08429e-10
9.36396e-10
9.39483e-10
9.34723e-10
9.4947e-10
9.68544e-10
9.9935e-10
1.02348e-09
1.01692e-09
9.89917e-10
9.36211e-10
8.78249e-10
8.32088e-10
7.97144e-10
7.5616e-10
7.24459e-10
6.81553e-10
6.35698e-10
5.78467e-10
5.25606e-10
4.72781e-10
4.31502e-10
3.9481e-10
3.61343e-10
3.24622e-10
2.91308e-10
2.58044e-10
2.25853e-10
1.93339e-10
1.67848e-10
1.4586e-10
1.2767e-10
1.11402e-10
9.62537e-11
8.12435e-11
6.73737e-11
5.47544e-11
4.53184e-11
3.72182e-11
3.04006e-11
2.50147e-11
2.08189e-11
1.64562e-11
1.25091e-11
8.72902e-12
6.19949e-12
4.39115e-12
3.42482e-12
3.01625e-12
3.06954e-12
2.06057e-12
1.2399e-12
7.10543e-13
0.0
6.11067e-13
1.29319e-12
2.99849e-12
1.66267e-12
1.1795e-12
1.03739e-12
1.13687e-12
2.28795e-12
2.28795e-12
1.66267e-12
1.89004e-12
2.17426e-12
2.17426e-12
2.17426e-12
2.17426e-12
2.17426e-12
1.74794e-12
1.74794e-12
1.74794e-12
1.74794e-12
1.74794e-12
1.74794e-12
1.74794e-12
1.74794e-12
1.36424e-12
1.0516e-12
1.13687e-12
1.50635e-12
1.50635e-12
1.50635e-12
8.81073e-13
8.81073e-13
8.81073e-13
8.81073e-13
8.81073e-13
8.81073e-13
8.81073e-13
8.81073e-13
8.81073e-13
8.81073e-13
6.39488e-13
6.39488e-13
6.39488e-13
6.39488e-13
6.39488e-13
6.39488e-13
6.39488e-13
6.39488e-13
6.39488e-13
6.39488e-13
6.39488e-13
6.39488e-13
6.39488e-13
6.39488e-13
6.39488e-13
6.39488e-13
6.39488e-13
6.39488e-13
6.39488e-13
6.39488e-13
6.39488e-13
6.39488e-13
6.39488e-13
6.39488e-13
6.39488e-13
6.39488e-13
6.39488e-13
6.39488e-13
6.39488e-13
6.39488e-13
6.39488e-13
6.39488e-13
6.39488e-13
6.39488e-13
6.39488e-13
6.39488e-13
6.39488e-13
6.39488e-13
6.39488e-13
6.39488e-13
6.39488e-13
6.39488e-13
6.39488e-13
6.39488e-13
6.39488e-13
6.39488e-13
6.39488e-13
6.39488e-13
6.39488e-13
6.39488e-13
6.39488e-13
6.39488e-13
6.39488e-13
6.39488e-13
6.39488e-13
6.39488e-13
6.39488e-13
6.39488e-13
6.39488e-13
6.39488e-13
6.39488e-13
6.39488e-13
6.39488e-13
6.39488e-13
6.39488e-13
6.39488e-13
6.39488e-13
6.39488e-13
6.39488e-13
6.39488e-13
6.39488e-13
6.39488e-13
6.39488e-13
6.39488e-13
6.39488e-13
6.39488e-13
6.39488e-13
6.39488e-13
6.39488e-13
6.39488e-13
6.39488e-13
6.39488e-13
6.39488e-13
6.39488e-13
6.39488e-13
6.39488e-13
6.39488e-13
6.39488e-13
6.39488e-13
6.39488e-13
6.39488e-13
6.39488e-13
6.39488e-13
6.39488e-13
6.39488e-13
6.39488e-13
6.39488e-13
6.39488e-13
6.39488e-13
6.39488e-13
6.39488e-13
6.39488e-13
6.39488e-13
6.39488e-13
6.39488e-13
6.39488e-13
6.39488e-13
6.39488e-13
6.39488e-13
6.39488e-13
6.39488e-13
6.39488e-13
6.39488e-13
6.39488e-13
6.39488e-13
6.39488e-13
6.39488e-13
6.39488e-13
6.39488e-13
6.39488e-13
6.39488e-13
6.39488e-13
6.39488e-13
6.39488e-13
6.39488e-13
6.39488e-13
6.39488e-13
6.39488e-13
6.39488e-13
6.39488e-13
6.39488e-13
6.39488e-13
6.39488e-13
6.39488e-13
6.39488e-13
6.39488e-13
6.39488e-13
6.39488e-13
6.39488e-13
6.39488e-13
6.39488e-13
6.39488e-13
6.39488e-13
6.39488e-13
6.39488e-13
6.39488e-13
6.39488e-13
6.39488e-13
6.39488e-13
6.39488e-13
6.39488e-13
6.39488e-13
6.39488e-13
6.39488e-13
6.39488e-13
6.39488e-13
6.39488e-13
6.39488e-13
6.39488e-13
6.39488e-13
6.39488e-13
6.39488e-13
6.39488e-13
6.39488e-13
6.39488e-13
6.39488e-13
6.39488e-13
6.39488e-13
6.39488e-13
6.39488e-13
6.39488e-13
6.39488e-13
6.39488e-13
6.39488e-13
6.39488e-13
6.39488e-13
6.39488e-13
6.39488e-13
6.39488e-13
6.39488e-13
6.39488e-13
6.39488e-13
6.39488e-13
6.39488e-13
6.39488e-13
6.39488e-13
6.39488e-13
6.39488e-13
6.39488e-13
6.39488e-13
6.39488e-13
6.39488e-13
6.39488e-13
6.39488e-13
6.39488e-13
6.39488e-13
6.39488e-13
6.39488e-13
6.39488e-13
6.39488e-13
6.39488e-13
6.39488e-13
6.39488e-13
6.39488e-13
6.39488e-13
6.39488e-13
6.39488e-13
6.39488e-13
6.39488e-13
6.39488e-13
6.39488e-13
6.39488e-13
6.39488e-13
6.39488e-13
6.39488e-13
6.39488e-13
6.39488e-13
6.39488e-13
6.39488e-13
6.39488e-13
6.39488e-13
6.39488e-13
6.39488e-13
6.39488e-13
6.39488e-13
6.39488e-13
6.39488e-13
6.39488e-13
6.39488e-13
6.39488e-13
6.39488e-13
6.39488e-13
6.39488e-13
6.39488e-13
6.39488e-13
6.39488e-13
6.39488e-13
6.39488e-13
6.39488e-13
6.39488e-13
6.39488e-13
6.39488e-13
6.39488e-13
6.39488e-13
6.39488e-13
6.39488e-13
6.39488e-13
6.39488e-13
6.39488e-13
6.39488e-13
6.39488e-13
6.39488e-13
6.39488e-13
6.39488e-13
6.39488e-13
6.39488e-13
6.39488e-13
6.39488e-13
6.39488e-13
6.39488e-13
6.39488e-13
6.39488e-13
6.39488e-13
6.39488e-13
6.39488e-13
6.39488e-13
6.39488e-13
6.39488e-13
6.39488e-13
6.39488e-13
6.39488e-13
6.39488e-13
6.39488e-13
6.39488e-13
6.39488e-13
6.39488e-13
6.39488e-13
6.39488e-13
6.39488e-13
6.39488e-13
6.39488e-13
6.39488e-13
6.39488e-13
6.39488e-13
4.68958e-13
4.68958e-13
4.68958e-13
4.68958e-13
4.68958e-13
4.68958e-13
4.68958e-13
4.9738e-13
4.9738e-13
3.41061e-13
3.69482e-13
3.41061e-13
3.41061e-13
3.41061e-13
1.84741e-13
1.84741e-13
1.84741e-13
1.84741e-13
1.84741e-13
1.84741e-13
7.10543e-14
1.27898e-13
1.27898e-13
1.27898e-13
1.27898e-13
1.27898e-13
1.27898e-13
1.27898e-13
1.27898e-13
1.27898e-13
1.27898e-13
2.27374e-13
6.71463e-13
6.71463e-13
6.71463e-13
4.26326e-14
0.0
3.55271e-15
2.84217e-14
2.02505e-13
2.02505e-13
2.02505e-13
2.02505e-13
1.42109e-14
1.42109e-14
1.42109e-14
1.42109e-14
1.42109e-14
1.42109e-14
1.42109e-14
1.42109e-14
1.42109e-14
1.42109e-14
1.42109e-14
1.42109e-14
1.42109e-14
1.42109e-14
1.42109e-14
1.42109e-14
1.42109e-14
1.42109e-14
1.42109e-14
1.42109e-14
1.42109e-14
1.42109e-14
1.42109e-14
1.42109e-14
1.42109e-14
1.42109e-14
1.42109e-14
1.42109e-14
1.42109e-14
1.42109e-14
1.42109e-14
1.42109e-14
1.42109e-14
1.42109e-14
1.42109e-14
1.42109e-14
1.42109e-14
1.42109e-14
1.42109e-14
1.42109e-14
1.42109e-14
1.42109e-14
1.42109e-14
1.42109e-14
1.42109e-14
1.42109e-14
1.42109e-14
1.42109e-14
1.42109e-14
1.42109e-14
1.42109e-14
1.42109e-14
1.42109e-14
1.42109e-14
1.42109e-14
1.42109e-14
1.42109e-14
1.42109e-14
1.42109e-14
1.42109e-14
1.42109e-14
1.42109e-14
1.42109e-14
1.42109e-14
1.42109e-14
1.42109e-14
1.42109e-14
1.42109e-14
1.42109e-14
1.42109e-14
1.42109e-14
1.42109e-14
1.42109e-14
1.42109e-14
1.42109e-14
1.42109e-14
1.42109e-14
1.42109e-14
1.42109e-14
1.42109e-14
1.42109e-14
1.42109e-14
1.42109e-14
1.42109e-14
1.42109e-14
1.42109e-14
1.42109e-14
1.42109e-14
1.42109e-14
1.42109e-14
1.42109e-14
1.42109e-14
1.42109e-14
1.42109e-14
1.42109e-14
1.42109e-14
1.42109e-14
1.42109e-14
1.42109e-14
1.42109e-14
1.42109e-14
1.42109e-14
1.42109e-14
1.42109e-14
1.42109e-14
1.42109e-14
1.42109e-14
1.42109e-14
1.42109e-14
1.42109e-14
1.42109e-14
1.42109e-14
1.42109e-14
1.42109e-14
1.42109e-14
1.42109e-14
1.42109e-14
1.42109e-14
1.42109e-14
1.42109e-14
1.42109e-14
1.42109e-14
1.42109e-14
1.42109e-14
1.42109e-14
1.42109e-14
1.42109e-14
1.42109e-14
1.42109e-14
1.42109e-14
1.42109e-14
1.42109e-14
1.42109e-14
1.42109e-14
1.42109e-14
1.42109e-14
1.42109e-14
1.42109e-14
1.42109e-14
1.42109e-14
1.42109e-14
1.42109e-14
1.42109e-14
1.42109e-14
1.42109e-14
1.42109e-14
1.42109e-14
1.42109e-14
1.42109e-14
1.42109e-14
1.42109e-14
1.42109e-14
1.42109e-14
1.42109e-14
1.42109e-14
1.42109e-14
1.42109e-14
1.42109e-14
1.42109e-14
1.42109e-14
1.42109e-14
1.42109e-14
1.42109e-14
1.42109e-14
1.42109e-14
1.42109e-14
1.42109e-14
1.42109e-14
1.42109e-14
1.42109e-14
1.42109e-14
1.42109e-14
1.42109e-14
1.42109e-14
1.42109e-14
1.42109e-14
1.42109e-14
1.42109e-14
1.42109e-14
1.42109e-14
1.42109e-14
1.42109e-14
1.42109e-14
1.42109e-14
1.42109e-14
1.42109e-14
1.42109e-14
1.42109e-14
1.42109e-14
1.42109e-14
1.42109e-14
1.42109e-14
1.42109e-14
1.42109e-14
1.42109e-14
1.42109e-14
1.42109e-14
1.42109e-14
1.42109e-14
1.42109e-14
1.42109e-14
1.42109e-14
1.42109e-14
1.42109e-14
1.42109e-14
1.42109e-14
1.42109e-14
1.42109e-14
1.42109e-14
1.42109e-14
1.42109e-14
1.42109e-14
1.42109e-14
1.42109e-14
1.42109e-14
1.42109e-14
1.42109e-14
1.42109e-14
1.42109e-14
1.42109e-14
1.42109e-14
1.42109e-14
1.42109e-14
1.42109e-14
1.42109e-14
1.42109e-14
1.42109e-14
1.42109e-14
1.42109e-14
1.42109e-14
1.42109e-14
1.42109e-14
1.42109e-14
1.42109e-14
1.42109e-14
1.42109e-14
1.42109e-14
1.42109e-14
1.42109e-14
1.42109e-14
1.42109e-14
1.42109e-14
1.42109e-14
1.42109e-14
1.42109e-14
1.42109e-14
1.42109e-14
1.42109e-14
1.42109e-14
1.42109e-14
1.42109e-14
1.42109e-14
1.42109e-14
1.42109e-14
1.42109e-14
1.42109e-14
1.42109e-14
1.42109e-14
1.42109e-14
1.42109e-14
1.42109e-14
1.42109e-14
1.42109e-14
1.42109e-14
1.42109e-14
1.42109e-14
1.42109e-14
1.42109e-14
1.42109e-14
1.42109e-14
1.42109e-14
1.42109e-14
1.42109e-14
1.42109e-14
1.42109e-14
1.42109e-14
1.42109e-14
1.42109e-14
1.42109e-14
1.42109e-14
1.42109e-14
1.42109e-14
1.42109e-14
1.42109e-14
1.42109e-14
1.42109e-14
1.42109e-14
1.42109e-14
1.42109e-14
1.42109e-14
1.42109e-14
1.42109e-14
1.42109e-14
1.42109e-14
1.42109e-14
1.42109e-14
1.42109e-14
1.42109e-14
1.42109e-14
1.42109e-14
1.42109e-14
1.42109e-14
1.42109e-14
1.42109e-14
1.42109e-14
1.42109e-14
1.42109e-14
1.42109e-14
1.42109e-14
1.42109e-14
1.42109e-14
1.42109e-14
1.42109e-14
1.42109e-14
1.42109e-14
1.42109e-14
1.42109e-14
1.42109e-14
1.42109e-14
1.42109e-14
1.42109e-14
1.42109e-14
1.42109e-14
1.42109e-14
1.42109e-14
1.42109e-14
1.42109e-14
1.42109e-14
1.42109e-14
1.42109e-14
1.42109e-14
1.42109e-14
1.42109e-14
1.42109e-14
1.42109e-14
1.42109e-14
1.42109e-14
