2.30259
2.3014
2.30008
2.29918
2.29772
2.29777
2.29683
2.29558
2.29387
2.29365
2.29298
2.2919
2.292
2.28762
2.28869
2.28825
2.28516
2.28257
2.28282
2.2811
2.28014
2.27729
2.27888
2.27872
2.27762
2.27305
2.27459
2.27459
2.26791
2.27215
2.27443
2.26943
2.26896
2.26732
2.2676
2.26597
2.26089
2.26187
2.26083
2.26392
2.25879
2.26108
2.25102
2.25883
2.25857
2.24455
2.25067
2.25404
2.25235
2.25189
2.24503
2.24425
2.24021
2.23608
2.23609
2.23781
2.23634
2.24763
2.2446
2.23526
2.22447
2.2273
2.2339
2.2324
2.23341
2.22435
2.22597
2.23516
2.24142
2.2201
2.22829
2.23273
2.24556
2.24034
2.23506
2.22875
2.22729
2.22961
2.21581
2.20943
2.20169
2.21809
2.21908
2.2117
2.22156
2.19809
2.21367
2.22541
2.21712
2.19805
2.19684
2.20822
2.20808
2.21072
2.18725
2.2146
2.19395
2.18678
2.18685
2.18921
2.19181
2.19811
2.18369
2.17294
2.18144
2.18679
2.19286
2.19379
2.17447
2.18336
2.15407
2.18619
2.1771
2.18469
2.17873
2.1864
2.18832
2.18518
2.18406
2.18163
2.18183
2.15894
2.1762
2.18727
2.18165
2.17198
2.18838
2.16663
2.17997
2.17795
2.17022
2.17117
2.15312
2.18501
2.1371
2.14196
2.1744
2.16707
2.15652
2.18355
2.16004
2.1528
2.1655
2.17161
2.15803
2.17096
2.19504
2.18298
2.15938
2.15892
2.14461
2.16067
2.14615
2.15633
2.15047
2.12367
2.13907
2.16854
2.17237
2.13273
2.1613
2.13308
2.13568
2.14371
2.12762
2.11853
2.14075
2.14723
2.16398
2.15334
2.14283
2.11838
2.14003
2.11418
2.13751
2.17144
2.16282
2.15266
2.15969
2.11437
2.13819
2.10945
2.1084
2.13581
2.15181
2.11196
2.12741
2.10768
2.11058
2.10914
2.14354
2.12977
2.08421
2.10415
2.08925
2.09249
2.08221
2.06715
2.09334
2.1229
2.13886
2.11377
2.1081
2.09147
2.07871
2.10252
2.0565
2.09588
2.10468
2.09907
2.09365
2.08331
2.0741
2.10369
2.10209
2.07987
2.09294
2.073
2.07019
2.02838
2.09315
2.13178
2.08001
2.07725
2.09386
2.15228
2.07537
2.05264
2.08198
2.05719
2.06489
2.07828
2.05343
2.05513
2.08694
2.07951
2.10649
2.08463
2.06641
2.08099
2.06642
2.05438
2.08945
2.0653
2.05414
2.08295
2.0577
2.10741
2.06223
2.08866
2.04164
2.05385
2.04966
2.02835
2.03655
2.03002
2.03905
2.03132
2.08808
2.06264
2.02634
2.03417
2.05648
2.07008
2.08227
2.07772
2.05903
2.04123
2.05539
2.03063
2.04237
2.05251
2.04571
2.04793
2.05257
2.04229
2.02681
2.07294
2.02646
2.00078
1.98805
2.0026
1.99428
2.04374
1.97617
2.01168
2.03505
2.02016
2.00202
2.023
2.05233
2.0628
2.00431
1.9951
1.93842
2.0246
2.01913
2.06964
2.06325
2.07628
2.04374
2.07424
2.01038
2.00348
2.02907
2.05018
2.06219
2.04654
2.02241
2.02051
2.02973
1.97204
2.04356
2.0692
2.04229
2.0313
2.05563
2.07248
2.01699
2.02123
2.00598
2.03736
2.05884
2.03052
2.02474
2.02544
2.00039
2.01367
1.97814
1.98292
2.00249
1.98782
1.99539
2.01922
2.00042
2.01429
1.98162
1.98376
1.92888
1.96665
2.00171
1.99978
1.96568
1.96325
1.98591
1.96655
1.9759
1.97835
2.0414
1.99706
1.96643
2.02246
2.01319
1.97959
1.95589
1.97617
1.97606
1.95177
1.96418
1.99469
2.0372
1.94244
1.92549
1.94789
2.01375
1.92923
1.93089
1.91237
1.95783
1.95987
1.95693
1.95331
1.95266
1.97848
1.97421
2.00038
1.95477
1.92953
1.98203
1.92709
1.9894
1.89325
1.9696
1.99283
1.91546
1.97043
1.97051
1.93493
1.91522
1.91436
1.89119
1.90477
1.91152
1.95894
1.98428
1.94877
1.92984
1.9904
1.9414
1.97218
1.91634
1.92337
1.92114
1.92455
1.92449
1.94929
1.93212
1.95935
1.86746
1.91546
1.97082
1.93754
1.94503
1.98725
1.98593
2.00255
1.92816
2.01052
1.92374
1.9478
1.86352
1.95831
1.95305
1.96236
1.95236
1.93406
1.89996
1.87585
1.90281
1.95025
1.97647
1.91559
1.89982
1.88015
1.86745
1.92841
1.88626
1.92041
1.92995
1.93142
1.91379
1.96397
1.96057
1.94432
1.90127
1.85504
1.88668
1.91778
1.94645
1.91694
1.92264
1.90102
1.89545
1.85618
1.94717
1.88242
1.89326
1.90505
1.94743
1.92422
1.95101
1.8932
1.91407
1.94283
1.89057
1.86792
1.86689
1.85894
1.85924
1.82108
1.85096
1.86027
1.92927
1.92489
1.90298
1.88214
1.8891
1.83891
1.83874
1.90062
1.85313
1.77807
1.81004
1.86544
1.80732
1.85664
1.81538
1.81637
1.85482
1.94884
1.94617
1.90149
1.86787
1.79892
1.89421
1.97942
1.94134
1.89224
1.91152
1.91212
