2.30259
2.30231
2.30203
2.30184
2.30161
2.30164
2.30151
2.30116
2.30084
2.30079
2.3008
2.30058
2.3005
2.29978
2.3
2.29992
2.29946
2.29893
2.29898
2.29865
2.29848
2.29816
2.29814
2.29828
2.29819
2.29738
2.29758
2.29756
2.2963
2.29734
2.29754
2.29686
2.29665
2.29635
2.29668
2.29603
2.29469
2.29521
2.29519
2.29577
2.29494
2.29556
2.2935
2.29486
2.29461
2.29244
2.29288
2.29398
2.29323
2.2944
2.29268
2.29239
2.29201
2.29064
2.29091
2.29148
2.29139
2.29299
2.29282
2.29072
2.28831
2.28889
2.29063
2.29076
2.29056
2.28864
2.2901
2.29145
2.29166
2.28863
2.28979
2.29064
2.29272
2.29192
2.29108
2.28979
2.28964
2.28995
2.28762
2.28613
2.28455
2.28873
2.28829
2.28722
2.28772
2.28421
2.28625
2.28851
2.28817
2.28467
2.28464
2.28645
2.28651
2.28502
2.28265
2.28685
2.28301
2.2816
2.2821
2.28279
2.28297
2.28518
2.28136
2.27962
2.28042
2.28199
2.28361
2.28267
2.28079
2.2812
2.27755
2.28159
2.28142
2.28214
2.28085
2.28211
2.28362
2.28179
2.2818
2.28156
2.28079
2.27803
2.27986
2.28303
2.28053
2.2795
2.2815
2.27855
2.28061
2.2797
2.2779
2.27947
2.27643
2.28077
2.27256
2.27327
2.2794
2.27876
2.27635
2.2811
2.27618
2.27497
2.27735
2.27947
2.27619
2.27958
2.28191
2.28047
2.27607
2.27845
2.27506
2.2777
2.2745
2.27751
2.27489
2.27184
2.27321
2.27888
2.27952
2.27366
2.27662
2.27111
2.27422
2.27548
2.27222
2.26951
2.27452
2.27292
2.277
2.27654
2.27432
2.26837
2.27271
2.26851
2.27506
2.27761
2.27631
2.27601
2.27831
2.26888
2.27341
2.26827
2.26822
2.2731
2.27744
2.26797
2.2697
2.26697
2.26915
2.26877
2.27532
2.2725
2.26162
2.26472
2.26404
2.26438
2.26276
2.25872
2.26443
2.26808
2.27112
2.2678
2.26713
2.264
2.26269
2.26522
2.25914
2.26506
2.26886
2.26531
2.26471
2.26135
2.26026
2.26584
2.26491
2.2622
2.26536
2.26173
2.25855
2.25203
2.26164
2.26835
2.26145
2.26226
2.26665
2.27505
2.26119
2.25644
2.26249
2.25592
2.2567
2.26076
2.25678
2.25743
2.26128
2.26192
2.2665
2.26118
2.25934
2.26172
2.25935
2.25858
2.26355
2.26101
2.25488
2.25955
2.25822
2.26762
2.26027
2.26542
2.2552
2.25664
2.2548
2.24999
2.25404
2.25046
2.25241
2.25417
2.26528
2.25878
2.25115
2.25401
2.25742
2.25879
2.26145
2.25953
2.25576
2.25372
2.25747
2.25344
2.255
2.25264
2.25284
2.25279
2.25287
2.25506
2.25301
2.25903
2.25125
2.2449
2.24421
2.24633
2.24334
2.25251
2.23916
2.24807
2.25228
2.24953
2.2476
2.24896
2.25569
2.25587
2.24659
2.24186
2.2354
2.2526
2.24949
2.25747
2.25958
2.26153
2.25278
2.26182
2.24866
2.24574
2.2503
2.25479
2.2592
2.25471
2.24926
2.25125
2.25178
2.24106
2.25339
2.25937
2.25365
2.25317
2.25427
2.25831
2.24835
2.24964
2.24762
2.25304
2.25497
2.25136
2.24999
2.24975
2.24358
2.24641
2.24407
2.23896
2.2439
2.24514
2.24346
2.25058
2.24651
2.24747
2.24383
2.24396
2.23248
2.24283
2.2476
2.24493
2.23832
2.23674
2.24202
2.23771
2.24015
2.24017
2.25128
2.24574
2.23736
2.24917
2.24877
2.24302
2.23397
2.24117
2.23947
2.23443
2.23781
2.24366
2.25235
2.22959
2.22714
2.23383
2.24834
2.2314
2.23026
2.22534
2.23533
2.24029
2.23745
2.23506
2.23521
2.23788
2.23737
2.2427
2.23469
2.22673
2.24179
2.231
2.24236
2.22259
2.24002
2.24272
2.23125
2.24172
2.23583
2.23253
2.22731
2.22798
2.22362
2.22398
2.22729
2.23331
2.2417
2.23627
2.22751
2.24245
2.23432
2.23854
2.22854
2.22885
2.22827
2.23246
2.22614
2.23143
2.23266
2.23633
2.2181
2.22736
2.2362
2.23032
2.23362
2.23913
2.23932
2.24375
2.23173
2.24657
2.23165
2.23343
2.21686
2.23821
2.2335
2.23329
2.23445
2.22913
2.2197
2.21875
2.22613
2.23089
2.2394
2.22582
2.22431
2.21917
2.21981
2.2272
2.21995
2.23159
2.22808
2.23118
2.22575
2.23553
2.23602
2.2314
2.22201
2.21499
2.22099
2.22677
2.23429
2.22576
2.22887
2.22008
2.22003
2.2117
2.23167
2.22125
2.21964
2.22245
2.22959
2.22941
2.23359
2.2253
2.22756
2.23145
2.22429
2.2144
2.21203
2.21333
2.2125
2.20538
2.21281
2.214
2.2306
2.22901
2.22159
2.21676
2.21392
2.20966
2.21038
2.22431
2.21251
2.19641
2.20158
2.2134
2.20146
2.21219
2.20279
2.20055
2.21461
2.2348
2.23121
2.2205
2.21283
2.20461
2.2143
2.23535
2.23114
2.21716
2.22412
2.22307
