2.30259
2.26038
2.21151
2.18809
2.13742
2.15058
2.11608
2.0576
1.99424
2.00506
1.98525
1.93444
1.93756
1.79928
1.83552
1.82922
1.74798
1.66742
1.68305
1.65304
1.6294
1.56204
1.5821
1.58623
1.58059
1.47242
1.48806
1.49712
1.35814
1.45248
1.5305
1.42082
1.4211
1.38184
1.38598
1.36706
1.22292
1.27895
1.23569
1.31252
1.23685
1.25828
1.13735
1.25606
1.20803
0.99459
1.11758
1.18659
1.15531
1.16166
1.08874
1.12261
0.998193
1.00135
0.921526
0.99044
1.02703
1.09727
1.05944
0.958625
0.809047
0.854538
0.954524
0.941336
0.9805
0.763154
0.930075
1.0131
1.08842
0.948783
0.95826
0.975898
1.21858
1.13255
1.01479
1.00231
0.971422
0.996849
0.879053
0.854554
0.775979
0.93476
1.03505
0.857865
0.895231
0.675034
0.912998
1.06863
1.05438
0.761239
0.73486
0.797876
0.877614
0.783554
0.729926
0.846532
0.713553
0.739384
0.650679
0.654955
0.752593
0.787644
0.73227
0.537548
0.629344
0.62955
0.680331
0.78532
0.616622
0.687694
0.578175
0.692196
0.753585
0.668357
0.616494
0.841874
0.833962
0.925924
0.757923
0.743028
0.665326
0.670318
0.696081
0.825449
0.762973
0.828702
0.921005
0.685901
0.667275
0.783042
0.893192
0.787063
0.627847
0.756859
0.526276
0.470175
0.729935
0.718288
0.703252
0.902243
0.708558
0.75414
0.780316
0.880406
0.627826
0.79961
0.988504
1.05403
0.68404
0.618731
0.510755
0.767718
0.620009
0.60193
0.60786
0.628521
0.564374
0.878911
0.817162
0.710696
0.774786
0.635502
0.587913
0.548526
0.561574
0.582887
0.650985
0.690904
0.709981
0.729429
0.719673
0.607714
0.706556
0.482829
0.648798
0.841598
0.759278
0.775558
0.746331
0.489269
0.57371
0.452894
0.543653
0.561285
0.707205
0.526809
0.540275
0.497773
0.510039
0.506246
0.672653
0.613433
0.559415
0.585881
0.455575
0.604687
0.400128
0.327812
0.54906
0.640853
0.687627
0.591351
0.572262
0.502631
0.422084
0.549735
0.510338
0.628011
0.642066
0.734319
0.536107
0.496412
0.397317
0.640846
0.505827
0.62698
0.522465
0.433106
0.349848
0.442938
0.461019
0.686214
0.620848
0.424335
0.65849
0.931944
0.630906
0.483996
0.473943
0.377921
0.545694
0.528317
0.430985
0.498062
0.505247
0.502179
0.568664
0.573821
0.575483
0.526464
0.486303
0.470868
0.645083
0.498841
0.519316
0.546543
0.560588
0.698042
0.50084
0.637789
0.443215
0.463437
0.47809
0.472657
0.401215
0.42122
0.428359
0.447253
0.556782
0.498184
0.41458
0.404062
0.478282
0.659206
0.59469
0.592232
0.614615
0.579816
0.577492
0.429144
0.407595
0.625429
0.508641
0.456645
0.511074
0.456114
0.513932
0.556482
0.467843
0.354039
0.310262
0.478395
0.403196
0.556504
0.391981
0.412348
0.699121
0.486557
0.373618
0.433217
0.495722
0.662596
0.490336
0.502103
0.383498
0.475683
0.456298
0.673622
0.685387
0.677801
0.567904
0.70831
0.421688
0.442253
0.50763
0.577129
0.678798
0.521273
0.591742
0.449513
0.508308
0.577067
0.541955
0.746325
0.552983
0.464393
0.616377
0.663373
0.460754
0.455008
0.449169
0.559614
0.637391
0.62532
0.659153
0.496765
0.416815
0.527465
0.414501
0.384117
0.520873
0.381948
0.510173
0.608196
0.50067
0.462764
0.345802
0.411593
0.26659
0.293713
0.454898
0.356988
0.307364
0.407972
0.48928
0.541018
0.473439
0.54522
0.608607
0.445257
0.357249
0.471183
0.464746
0.38835
0.457406
0.357612
0.527525
0.359753
0.352929
0.491194
0.587428
0.361153
0.318894
0.369379
0.59337
0.369351
0.277108
0.44426
0.453769
0.341267
0.498224
0.502791
0.526857
0.723347
0.811753
0.576128
0.407213
0.445957
0.451469
0.463589
0.467289
0.324068
0.456982
0.519844
0.330701
0.563513
0.555324
0.397679
0.29003
0.331778
0.305301
0.352703
0.360075
0.653337
0.628043
0.398892
0.493148
0.530574
0.53782
0.520563
0.398206
0.382466
0.372867
0.386897
0.448531
0.441588
0.37406
0.411458
0.30554
0.363181
0.486968
0.385482
0.531977
0.564296
0.600236
0.55502
0.389214
0.494658
0.375718
0.432232
0.412362
0.560213
0.556331
0.602426
0.550134
0.487696
0.389226
0.429041
0.46522
0.554848
0.575697
0.366712
0.438864
0.231103
0.266522
0.388153
0.359536
0.366373
0.480551
0.511804
0.357429
0.553248
0.483567
0.554876
0.451138
0.299122
0.295596
0.372501
0.5589
0.445593
0.571553
0.438915
0.358613
0.293717
0.556181
0.478057
0.440112
0.384486
0.591953
0.465025
0.549962
0.466903
0.632155
0.478871
0.479985
0.295434
0.37014
0.361146
0.334697
0.354309
0.370134
0.337871
0.548949
0.457677
0.419926
0.37655
0.513782
0.437785
0.26759
0.562781
0.314805
0.247346
0.266619
0.557424
0.219927
0.388482
0.352761
0.270941
0.318587
0.596476
0.658985
0.391938
0.458741
0.289834
0.512167
0.788335
0.542284
0.326824
0.568709
0.491698
