2.30259
2.30247
2.30233
2.30224
2.3021
2.3021
2.30201
2.30188
2.30171
2.30169
2.30162
2.30151
2.30152
2.30108
2.30119
2.30114
2.30083
2.30057
2.3006
2.30042
2.30032
2.30004
2.3002
2.30018
2.30007
2.2996
2.29976
2.29976
2.29908
2.29951
2.29973
2.29923
2.29918
2.29901
2.29905
2.29887
2.29835
2.29845
2.29835
2.29866
2.29814
2.29838
2.29733
2.29813
2.29811
2.29668
2.29729
2.29764
2.29746
2.29744
2.2967
2.29661
2.2962
2.29576
2.29579
2.29595
2.29578
2.29697
2.29666
2.29568
2.29456
2.29486
2.29554
2.29538
2.29549
2.29458
2.2947
2.29566
2.29631
2.29405
2.29494
2.29541
2.2967
2.29618
2.29568
2.29498
2.29481
2.29505
2.29362
2.29293
2.29208
2.29386
2.29388
2.29313
2.29422
2.29176
2.29335
2.29458
2.29366
2.29177
2.29158
2.29281
2.29279
2.29311
2.29054
2.2935
2.29127
2.29043
2.29051
2.29077
2.29101
2.29173
2.29007
2.28907
2.2899
2.2905
2.29121
2.29119
2.28921
2.29013
2.28689
2.29042
2.28947
2.2903
2.28969
2.29045
2.29066
2.29012
2.29012
2.28982
2.28996
2.28738
2.28928
2.29045
2.28986
2.28876
2.29052
2.28826
2.28977
2.28944
2.28835
2.28873
2.28669
2.29021
2.28492
2.28566
2.28914
2.28824
2.28701
2.28993
2.28752
2.28661
2.28802
2.28866
2.28724
2.28878
2.29118
2.28978
2.28745
2.2876
2.28592
2.28759
2.286
2.28724
2.28648
2.28338
2.28512
2.28818
2.28881
2.28445
2.28752
2.28433
2.28499
2.28587
2.28388
2.28289
2.28548
2.28595
2.28789
2.28671
2.28543
2.28267
2.28517
2.28226
2.2852
2.28861
2.28764
2.28659
2.28761
2.28249
2.28503
2.28208
2.28147
2.28485
2.28672
2.28203
2.28372
2.28163
2.28207
2.28184
2.28558
2.28411
2.27874
2.28104
2.27971
2.27961
2.27897
2.27701
2.27996
2.28312
2.28509
2.28225
2.28163
2.27978
2.2783
2.28075
2.27563
2.28016
2.28125
2.28004
2.28012
2.2788
2.27788
2.28084
2.28106
2.27793
2.27978
2.27773
2.27778
2.27251
2.27978
2.28397
2.27787
2.2783
2.27965
2.28637
2.27754
2.2751
2.27883
2.27571
2.27619
2.27831
2.27543
2.27538
2.27937
2.27843
2.2816
2.2788
2.27655
2.27872
2.27664
2.27551
2.27951
2.2766
2.27513
2.27872
2.27536
2.2815
2.27618
2.27944
2.27413
2.27547
2.2747
2.27197
2.27369
2.27269
2.27367
2.27291
2.27959
2.27639
2.27226
2.27308
2.27555
2.27679
2.27891
2.27801
2.27553
2.2735
2.27536
2.2728
2.27404
2.27432
2.27383
2.27412
2.27471
2.27419
2.27158
2.27775
2.27193
2.26915
2.26821
2.26897
2.26824
2.27371
2.26543
2.27046
2.27268
2.27054
2.26898
2.27134
2.27512
2.27546
2.26925
2.26759
2.26134
2.27187
2.27094
2.27659
2.27607
2.27795
2.27333
2.27708
2.27037
2.26875
2.27139
2.27451
2.27575
2.27387
2.27097
2.27133
2.27237
2.26483
2.27383
2.2765
2.27342
2.27239
2.27476
2.27727
2.27105
2.27201
2.26983
2.27292
2.27468
2.27254
2.27071
2.27206
2.26867
2.26981
2.26665
2.26604
2.26812
2.26692
2.26746
2.27079
2.26883
2.27044
2.26653
2.26727
2.26033
2.26505
2.26799
2.26921
2.26486
2.26337
2.26715
2.26348
2.26529
2.26512
2.27316
2.26819
2.26359
2.27137
2.27033
2.26656
2.26213
2.26576
2.26456
2.26198
2.2642
2.26719
2.27267
2.2615
2.25973
2.26239
2.27028
2.26013
2.26076
2.25719
2.26248
2.26437
2.26332
2.26206
2.26267
2.26565
2.26408
2.26896
2.26263
2.25863
2.26681
2.25891
2.26709
2.25375
2.26501
2.26757
2.25803
2.26537
2.26476
2.26157
2.25796
2.25836
2.25502
2.25677
2.25739
2.26213
2.26649
2.26273
2.2583
2.26665
2.2601
2.26481
2.2579
2.25884
2.25772
2.25939
2.25751
2.26192
2.26073
2.2641
2.25181
2.25885
2.2646
2.25983
2.26115
2.26482
2.26584
2.26818
2.25914
2.26997
2.25932
2.26251
2.25029
2.26289
2.26093
2.26339
2.2622
2.26095
2.25516
2.25236
2.25602
2.26076
2.26396
2.25794
2.25534
2.25468
2.25223
2.25913
2.25435
2.25939
2.25971
2.25865
2.25706
2.2633
2.26335
2.26017
2.25586
2.2503
2.25457
2.25744
2.26127
2.25865
2.25865
2.25481
2.25568
2.24931
2.26024
2.25329
2.25475
2.25558
2.26016
2.25806
2.26182
2.25585
2.25716
2.26066
2.25384
2.25121
2.25043
2.24959
2.25043
2.24513
2.24862
2.25011
2.2592
2.25837
2.25476
2.25311
2.25265
2.24725
2.24748
2.25551
2.25007
2.23895
2.24317
2.25168
2.24364
2.24966
2.24341
2.24342
2.25134
2.26197
2.25998
2.25503
2.24963
2.24273
2.25359
2.26311
2.26106
2.25412
2.25635
2.25598
