2.30259
2.29988
2.29703
2.29519
2.29288
2.29316
2.29189
2.28838
2.28522
2.28476
2.28483
2.28265
2.28184
2.27479
2.27693
2.27621
2.27169
2.26648
2.26693
2.26374
2.26215
2.25897
2.25884
2.26009
2.25927
2.25151
2.25349
2.25321
2.24092
2.25104
2.25332
2.24649
2.24463
2.24164
2.2447
2.23866
2.22602
2.23093
2.23045
2.23625
2.22817
2.2339
2.2148
2.22773
2.22516
2.20429
2.20926
2.21953
2.21254
2.22274
2.20722
2.20489
2.20085
2.18837
2.19028
2.19584
2.19544
2.21036
2.20834
2.18912
2.1665
2.17178
2.18867
2.1894
2.18756
2.16889
2.18333
2.19624
2.19813
2.17054
2.18029
2.18861
2.20922
2.20117
2.19195
2.1812
2.17948
2.183
2.1605
2.14776
2.13381
2.17078
2.16886
2.15844
2.16212
2.12917
2.15034
2.17092
2.16805
2.13344
2.13434
2.15041
2.151
2.13744
2.1166
2.15431
2.11969
2.10919
2.11125
2.11789
2.12025
2.13825
2.10655
2.08834
2.09757
2.11078
2.12413
2.11888
2.09934
2.10462
2.07251
2.10832
2.10549
2.11154
2.09949
2.11167
2.12478
2.11386
2.11171
2.10933
2.10059
2.07779
2.09418
2.12187
2.1011
2.09242
2.11058
2.08111
2.09898
2.09392
2.08295
2.08975
2.06428
2.10325
2.03298
2.03453
2.08902
2.08446
2.06563
2.10828
2.06268
2.05442
2.07463
2.09296
2.06352
2.08864
2.11731
2.10605
2.06062
2.07589
2.04994
2.07407
2.04785
2.07054
2.05193
2.02586
2.03828
2.09131
2.09126
2.04093
2.07058
2.02367
2.0418
2.05193
2.02944
2.00555
2.04627
2.0385
2.07166
2.06617
2.05033
2.00087
2.03627
1.99893
2.04717
2.07838
2.06804
2.06287
2.07777
1.99852
2.03973
1.99155
2.00056
2.03728
2.07078
1.99442
2.01144
1.98527
1.99986
1.99879
2.05556
2.03056
1.94683
1.97285
1.95777
1.9698
1.94593
1.91722
1.96355
2.00075
2.0215
1.99451
1.98674
1.95959
1.9524
1.97746
1.92411
1.97282
2.0012
1.9839
1.96613
1.94352
1.93028
1.98353
1.96986
1.95806
1.97502
1.94019
1.9096
1.86362
1.94674
2.00664
1.95294
1.94349
1.98901
2.05942
1.94544
1.90333
1.94635
1.89807
1.91597
1.93685
1.90387
1.91291
1.94063
1.94469
1.98119
1.94271
1.92917
1.94014
1.92981
1.91934
1.95895
1.93827
1.89628
1.9294
1.92404
1.99339
1.9356
1.97119
1.88957
1.90404
1.89345
1.86024
1.87835
1.85673
1.87359
1.88166
1.96649
1.92053
1.86168
1.88454
1.91134
1.93111
1.93966
1.93169
1.90648
1.89058
1.91415
1.87714
1.89222
1.89329
1.88683
1.88418
1.88461
1.88911
1.88578
1.92101
1.86538
1.81284
1.79849
1.83052
1.80244
1.88153
1.78228
1.83639
1.87953
1.86447
1.83765
1.85232
1.90068
1.91903
1.83112
1.80617
1.74226
1.87334
1.85848
1.92519
1.9338
1.94302
1.88971
1.95463
1.83778
1.8312
1.87244
1.90059
1.93352
1.90068
1.8629
1.863
1.87319
1.79629
1.88566
1.93608
1.89377
1.88139
1.9028
1.92537
1.8391
1.84128
1.83313
1.88532
1.91551
1.86524
1.87379
1.8505
1.81297
1.84222
1.80108
1.78826
1.82936
1.8223
1.81968
1.86319
1.83203
1.84034
1.80599
1.80448
1.72412
1.79422
1.85071
1.81176
1.76335
1.77273
1.79704
1.7846
1.79166
1.80149
1.87916
1.82919
1.7795
1.85287
1.85044
1.79801
1.75714
1.79268
1.79583
1.75743
1.76681
1.82509
1.8861
1.70694
1.68819
1.73573
1.84798
1.71805
1.70752
1.69214
1.7694
1.77582
1.76922
1.7645
1.75408
1.7792
1.79425
1.80525
1.75373
1.70877
1.79071
1.72592
1.80448
1.68145
1.7817
1.80958
1.72465
1.78874
1.76312
1.71689
1.69711
1.69256
1.66616
1.67232
1.69799
1.7616
1.80342
1.75135
1.72302
1.81373
1.76098
1.78224
1.70863
1.71117
1.7134
1.72572
1.7128
1.73282
1.72427
1.75422
1.62927
1.69042
1.76727
1.73269
1.74843
1.81202
1.79844
1.8266
1.72956
1.83259
1.7199
1.73588
1.63683
1.7793
1.76689
1.75367
1.75428
1.70542
1.66073
1.6419
1.69189
1.75092
1.80834
1.6887
1.68557
1.62558
1.63673
1.70984
1.65031
1.71485
1.70709
1.74371
1.69138
1.76863
1.76577
1.74868
1.6652
1.60826
1.65389
1.70401
1.75404
1.68481
1.71478
1.66958
1.64925
1.60442
1.75222
1.66033
1.65364
1.67904
1.74796
1.72296
1.74991
1.6734
1.70977
1.74044
1.68607
1.62107
1.61253
1.61682
1.60184
1.55712
1.61361
1.61579
1.72908
1.72189
1.68114
1.63914
1.64008
1.59133
1.58903
1.68857
1.59977
1.50467
1.53997
1.61135
1.5299
1.60677
1.5543
1.54207
1.59377
1.75504
1.75698
1.66788
1.62808
1.54207
1.63816
1.79802
1.73145
1.6462
1.69328
1.69312
