22.9894
22.3299
21.6817
21.0449
20.4198
19.8064
19.205
18.6156
18.0383
17.4734
16.9208
16.3806
15.853
15.3378
14.8353
14.3454
13.8681
13.4034
12.9513
12.5117
12.0846
11.6699
11.2675
10.8774
10.4994
10.1334
9.77933
9.437
9.10626
8.78695
8.4789
8.18193
7.89584
7.62044
7.35553
7.10089
6.85631
6.62155
6.3964
6.18062
5.97398
5.77623
5.58713
5.40645
5.23393
5.06933
4.9124
4.7629
4.62059
4.48521
4.35652
4.23429
4.11827
4.00824
3.90394
3.80516
3.71168
3.62325
3.53968
3.46074
3.38623
3.31594
3.24967
3.18723
3.12843
3.07309
3.02103
2.97207
2.92606
2.88282
2.84221
2.80408
2.76827
2.73467
2.70312
2.67351
2.64571
2.61961
2.59509
2.57206
2.55041
2.53005
2.51088
2.49283
2.47581
2.45974
2.44455
2.43018
2.41656
2.40363
2.39134
2.37963
2.36845
2.35776
2.34752
2.33769
2.32822
2.31909
2.31026
2.3017
2.2934
2.28531
2.27743
2.26972
2.26217
2.25477
2.24749
2.24032
2.23325
2.22627
2.21936
2.21252
2.20573
2.199
2.1923
2.18564
2.17901
2.17241
2.16583
2.15926
2.15271
2.14617
2.13964
2.13311
2.12659
2.12006
2.11354
2.10702
2.1005
2.09398
2.08746
2.08093
2.0744
2.06786
2.06132
2.05478
2.04823
2.04169
2.03513
2.02858
2.02202
2.01546
2.00889
2.00232
1.99575
1.98918
1.98261
1.97603
1.96946
1.96288
1.9563
1.94972
1.94314
1.93656
1.92998
1.9234
1.91683
1.91025
1.90367
1.8971
1.89052
1.88395
1.87738
1.87082
1.86425
1.85769
1.85113
1.84458
1.83802
1.83148
1.82493
1.81839
1.81185
1.80531
1.79878
1.79226
1.78574
1.77922
1.77271
1.7662
1.7597
1.75321
1.74671
1.74023
1.73375
1.72728
1.72081
1.71435
1.7079
1.70145
1.69501
1.68857
1.68215
1.67572
1.66931
1.66291
1.65651
1.65012
1.64374
1.63736
1.63099
1.62464
1.61829
1.61194
1.60561
1.59929
1.59297
1.58666
1.58037
1.57408
1.5678
1.56153
1.55527
1.54902
1.54278
1.53655
1.53033
1.52411
1.51791
1.51172
1.50554
1.49937
1.49321
1.48707
1.48093
1.4748
1.46869
1.46258
1.45649
1.45041
1.44434
1.43828
1.43223
1.42619
1.42017
1.41416
1.40816
1.40217
1.39619
1.39023
1.38428
1.37834
1.37241
1.3665
1.36059
1.3547
1.34883
1.34296
1.33711
1.33127
1.32545
1.31964
1.31384
1.30805
1.30228
1.29652
1.29077
1.28504
1.27932
1.27362
1.26792
1.26225
1.25658
1.25093
1.24529
1.23967
1.23406
1.22847
1.22289
1.21732
1.21177
1.20623
1.20071
1.1952
1.1897
1.18422
1.17875
1.1733
1.16786
1.16244
1.15703
1.15164
1.14626
1.1409
1.13555
1.13021
1.12489
1.11959
1.1143
1.10903
1.10377
1.09852
1.09329
1.08808
1.08288
1.0777
1.07253
1.06737
1.06223
1.05711
1.052
1.04691
1.04183
1.03677
1.03173
1.02669
1.02168
1.01668
1.01169
1.00673
1.00177
0.996834
0.991912
0.987005
0.982114
0.977238
0.972378
0.967534
0.962705
0.957893
0.953095
0.948314
0.943548
0.938797
0.934063
0.929344
0.924641
0.919954
0.915283
0.910627
0.905987
0.901363
0.896754
0.892162
0.887585
0.883024
0.878479
0.873949
0.869435
0.864938
0.860455
0.855989
0.851539
0.847104
0.842685
0.838282
0.833895
0.829524
0.825168
0.820828
0.816504
0.812196
0.807904
0.803627
0.799366
0.79512
0.790891
0.786677
0.782479
0.778297
0.77413
0.76998
0.765844
0.761725
0.757621
0.753533
0.74946
0.745404
0.741362
0.737337
0.733327
0.729332
0.725354
0.72139
0.717443
0.713511
0.709594
0.705693
0.701807
0.697937
0.694082
0.690243
0.686419
0.68261
0.678817
0.675039
0.671277
0.667529
0.663797
0.660081
0.656379
0.652694
0.649022
0.645367
0.641726
0.638101
0.634491
0.630896
0.627315
0.62375
0.620201
0.616666
0.613146
0.609641
0.606151
0.602675
0.599215
0.59577
0.592339
0.588923
0.585522
0.582136
0.578765
0.575408
0.572066
0.568738
0.565425
0.562127
0.558843
0.555574
0.552319
0.549079
0.545853
0.542642
0.539444
0.536262
0.533094
0.52994
0.5268
0.523674
0.520563
0.517466
0.514382
0.511314
0.508259
0.505218
0.502191
0.499178
0.496179
0.493194
0.490223
0.487266
0.484322
0.481392
0.478476
0.475574
0.472685
0.46981
0.466949
0.464101
0.461267
0.458446
0.455639
0.452845
0.450065
0.447297
0.444544
0.441803
0.439076
0.436362
0.433661
0.430973
0.428298
0.425637
0.422988
0.420353
0.41773
0.41512
0.412524
0.40994
0.407369
0.40481
0.402265
0.399732
0.397211
0.394704
0.392209
0.389726
0.387256
0.384799
0.382354
0.379921
0.377501
0.375093
0.372697
0.370313
0.367942
0.365583
0.363236
0.360901
0.358578
0.356267
0.353968
0.351681
0.349406
0.347143
0.344891
0.342652
0.340424
0.338208
0.336003
0.33381
0.331628
0.329459
0.3273
0.325153
0.323018
0.320894
0.318781
0.316679
0.314589
0.31251
0.310442
0.308386
0.30634
0.304305
0.302282
0.300269
0.298268
0.296277
0.294297
0.292328
0.29037
0.288422
0.286486
0.28456
0.282644
0.280739
0.278845
0.276961
0.275087
0.273224
0.271372
0.269529
0.267697
0.265875
0.264064
0.262262
0.260471
0.25869
0.256919
0.255158
0.253407
0.251666
0.249935
0.248213
0.246502
0.2448
0.243108
0.241426
0.239753
0.23809
0.236437
0.234793
0.233159
0.231534
0.229918
0.228312
0.226715
0.225128
0.22355
0.221981
0.220421
0.218871
0.217329
0.215797
0.214273
0.212759
0.211254
0.209757
0.20827
0.206791
0.205321
0.20386
0.202407
0.200964
0.199529
0.198102
0.196684
0.195275
0.193874
0.192482
0.191098
0.189722
0.188355
0.186996
0.185645
0.184303
0.182969
0.181643
0.180325
0.179015
0.177713
0.176419
0.175133
0.173855
0.172585
0.171323
0.170069
0.168822
0.167583
0.166352
0.165129
0.163913
0.162705
0.161505
0.160312
0.159126
0.157948
0.156777
0.155614
0.154458
0.15331
0.152168
0.151034
0.149907
0.148788
0.147675
0.14657
0.145471
0.14438
0.143296
0.142218
0.141148
0.140084
0.139028
0.137978
0.136935
0.135899
0.134869
0.133846
0.13283
0.13182
0.130818
0.129821
0.128831
0.127848
0.126871
0.1259
0.124936
0.123978
0.123027
0.122082
0.121143
0.12021
0.119283
0.118363
0.117449
0.116541
0.115639
0.114742
0.113852
0.112968
0.11209
0.111218
0.110352
0.109491
0.108636
0.107787
0.106944
0.106107
0.105275
0.104449
0.103628
0.102813
0.102004
0.1012
0.100401
0.0996085
0.0988211
0.098039
0.0972623
0.096491
0.0957251
0.0949643
0.0942089
0.0934586
0.0927137
0.0919739
0.0912391
0.0905095
0.089785
0.0890656
0.0883512
0.0876418
0.0869373
0.0862378
0.0855432
0.0848535
0.0841687
0.0834887
0.0828134
0.082143
0.0814773
0.0808163
0.0801601
0.0795085
0.0788615
0.0782191
0.0775813
0.0769481
0.0763194
0.0756952
0.0750755
0.0744602
0.0738494
0.073243
0.0726409
0.0720432
0.0714498
0.0708607
0.0702758
0.0696952
0.0691189
0.0685466
0.0679786
0.0674147
0.066855
0.0662993
0.0657477
0.0652001
0.0646566
0.0641171
0.0635814
0.0630498
0.0625221
0.0619982
0.0614783
0.0609622
0.0604499
0.0599414
0.0594367
0.0589358
0.0584385
0.057945
0.0574552
0.0569691
0.0564865
0.0560076
0.0555323
0.0550605
0.0545923
0.0541277
0.0536665
0.0532088
0.0527546
0.0523038
0.0518564
0.0514124
0.0509718
0.0505345
0.0501006
0.0496699
0.0492426
0.0488185
0.0483976
0.04798
0.0475657
0.0471544
0.0467463
0.0463414
0.0459395
0.0455408
0.0451452
0.0447526
0.044363
0.0439765
0.043593
0.0432124
0.0428349
0.0424602
0.0420885
0.0417197
0.0413537
0.0409906
0.0406303
0.0402729
0.0399183
0.0395665
0.0392175
0.0388711
0.0385276
0.0381867
0.0378485
0.037513
0.0371802
0.03685
0.0365224
0.0361975
0.0358751
0.0355553
0.035238
0.0349233
0.0346111
0.0343014
0.0339941
0.0336893
0.033387
0.0330871
0.0327896
0.0324946
0.0322019
0.0319115
0.0316235
0.0313379
0.0310545
0.0307735
0.0304947
0.0302182
0.029944
0.029672
0.0294022
0.0291346
0.0288692
0.028606
0.0283449
0.028086
0.0278292
0.0275746
0.027322
0.0270715
0.026823
0.0265766
0.0263323
0.02609
0.0258497
0.0256113
0.025375
0.0251406
0.0249082
0.0246777
0.0244491
0.0242225
0.0239977
0.0237748
0.0235538
0.0233347
0.0231173
0.0229019
0.0226882
0.0224763
0.0222662
0.0220579
0.0218514
0.0216466
0.0214435
0.0212421
0.0210425
0.0208445
0.0206483
0.0204537
0.0202607
0.0200694
0.0198798
0.0196917
0.0195053
0.0193205
0.0191373
0.0189556
0.0187755
0.018597
0.0184199
0.0182445
0.0180705
0.017898
0.0177271
0.0175576
0.0173896
0.017223
0.0170579
0.0168942
0.0167319
0.0165711
0.0164117
0.0162536
0.016097
0.0159417
0.0157878
0.0156352
0.0154839
0.015334
0.0151854
0.0150382
0.0148922
0.0147475
0.0146041
0.0144619
0.014321
0.0141814
0.014043
0.0139058
0.0137699
0.0136352
0.0135016
0.0133693
0.0132381
0.0131081
0.0129793
0.0128516
0.0127251
0.0125997
0.0124754
0.0123522
0.0122302
0.0121093
0.0119894
0.0118707
0.0117529
0.0116363
0.0115207
0.0114062
0.0112927
0.0111803
0.0110688
0.0109584
0.010849
0.0107406
0.0106331
0.0105267
0.0104212
0.0103168
0.0102132
0.0101106
0.010009
0.00990823
0.00980845
0.00970955
0.00961159
0.00951455
0.00941837
0.00932313
0.00922874
0.00913521
0.00904258
0.0089508
0.00885985
0.00876979
0.00868054
0.00859212
0.00850452
0.00841778
0.0083318
0.00824666
0.00816232
0.00807875
0.00799597
0.00791397
0.00783275
0.00775229
0.00767257
0.00759361
0.00751541
0.00743794
0.0073612
0.0072852
0.00720991
0.00713533
0.00706147
0.0069883
0.00691584
0.00684407
0.006773
0.00670258
0.00663284
0.00656377
0.00649537
0.00642761
0.00636051
0.00629404
0.00622822
0.00616304
0.00609849
0.00603455
0.00597124
0.00590852
0.00584642
0.00578493
0.00572402
0.0056637
0.00560397
0.00554482
0.00548626
0.00542825
0.00537081
0.00531394
0.00525761
0.00520184
0.00514661
0.00509192
0.00503778
0.00498416
0.00493105
0.00487849
0.00482643
0.0047749
0.00472386
0.00467333
0.0046233
0.00457375
0.00452471
