3.36028
2.43342
2.25531
2.11969
1.99412
1.87651
1.76624
1.6628
1.56573
1.4746
1.389
1.30859
1.23302
1.16197
1.09516
1.03233
0.973204
0.917568
0.865201
0.815901
0.769479
0.725759
0.684578
0.645781
0.609226
0.574778
0.542311
0.511708
0.482859
0.455659
0.430013
0.405829
0.383021
0.36151
0.341219
0.32208
0.304024
0.28699
0.270918
0.255754
0.241445
0.227942
0.215199
0.203174
0.191824
0.181112
0.171002
0.161459
0.152451
0.143947
0.135921
0.128343
0.12119
0.114436
0.108061
0.102042
0.0963585
0.0909929
0.085927
0.0811437
0.0766274
0.072363
0.0683364
0.0645344
0.0609443
0.0575543
0.0543532
0.0513304
0.048476
0.0457805
0.0432351
0.0408314
0.0385616
0.036418
0.0343938
0.0324821
0.0306768
0.0289719
0.0273619
0.0258415
0.0244055
0.0230494
0.0217687
0.0205593
0.019417
0.0183383
0.0173195
0.0163574
0.0154487
0.0145905
0.0137801
0.0130146
0.0122917
0.011609
0.0109642
0.0103552
0.00978006
0.00923687
0.00872385
0.00823935
0.00778176
0.00734959
0.00694142
0.00655593
0.00619184
0.00584798
0.00552324
0.0052165
0.00492681
0.00465322
0.00439482
0.00415077
0.00392028
0.00370257
0.00349697
0.00330278
0.00311939
0.00294617
0.00278257
0.00262805
0.00248213
0.00234429
0.00221412
0.00209117
0.00197506
0.00186539
0.00176181
0.00166398
0.00157158
0.00148431
0.0014019
0.00132405
0.00125054
0.0011811
0.00111552
0.00105358
0.000995076
0.000939828
0.000887642
0.000838351
0.000791804
0.000747835
0.000706314
0.000667092
0.000630049
0.000595067
0.00056203
0.00053082
0.000501345
0.000473513
0.000447221
0.000422386
0.000398935
0.00037678
0.000355859
0.000336101
0.000317439
0.000299812
0.000283168
0.000267446
0.000252597
0.00023857
0.000225324
0.000212815
0.000200997
0.000189838
0.000179297
0.000169339
0.000159937
0.000151056
0.000142667
0.000134747
0.000127265
0.0001202
0.000113525
0.000107221
0.000101267
9.56464e-05
9.03348e-05
8.5319e-05
8.05813e-05
7.61063e-05
7.18805e-05
6.78903e-05
6.41205e-05
6.05601e-05
5.71975e-05
5.40214e-05
5.10218e-05
4.81893e-05
4.55139e-05
4.29864e-05
4.05987e-05
3.83446e-05
3.62162e-05
3.42055e-05
3.2306e-05
3.05117e-05
2.88187e-05
2.72181e-05
2.57067e-05
2.42792e-05
2.29311e-05
2.16581e-05
2.04551e-05
1.93194e-05
1.82466e-05
1.7234e-05
1.62768e-05
1.53722e-05
1.45193e-05
1.37131e-05
1.29511e-05
1.22326e-05
1.15531e-05
1.09114e-05
1.03052e-05
9.73374e-06
9.19318e-06
8.68255e-06
8.20017e-06
7.74485e-06
7.31512e-06
6.90901e-06
6.52532e-06
6.16302e-06
5.82109e-06
5.4976e-06
5.19259e-06
4.904e-06
4.63152e-06
4.37441e-06
4.13209e-06
3.90238e-06
3.68578e-06
3.48139e-06
3.28783e-06
3.10516e-06
2.93253e-06
2.76964e-06
2.61622e-06
2.47098e-06
2.3335e-06
2.20418e-06
2.08174e-06
1.96597e-06
1.85694e-06
1.75364e-06
1.65642e-06
1.56431e-06
1.47752e-06
1.39572e-06
1.31808e-06
1.24479e-06
1.17595e-06
1.11056e-06
1.0489e-06
9.90789e-07
9.35593e-07
8.83723e-07
8.34649e-07
7.88444e-07
7.44488e-07
7.03151e-07
6.64003e-07
6.27353e-07
5.92334e-07
5.59574e-07
5.28527e-07
4.99047e-07
4.71449e-07
4.45353e-07
4.20518e-07
3.97288e-07
3.75174e-07
3.54319e-07
3.3458e-07
3.15997e-07
2.98467e-07
2.82024e-07
2.66321e-07
2.51555e-07
2.37554e-07
2.24384e-07
2.11914e-07
2.00074e-07
1.89064e-07
1.78502e-07
1.68596e-07
1.59265e-07
1.50402e-07
1.421e-07
1.34163e-07
1.26641e-07
1.19698e-07
1.12997e-07
1.06718e-07
1.00853e-07
9.5228e-08
8.99244e-08
8.49484e-08
8.02606e-08
7.58395e-08
7.15647e-08
6.76377e-08
6.3871e-08
6.03239e-08
5.70182e-08
5.38167e-08
5.0826e-08
4.79841e-08
4.53391e-08
4.28517e-08
4.04251e-08
3.81824e-08
3.60423e-08
3.40853e-08
3.21465e-08
3.03831e-08
2.8696e-08
2.71074e-08
2.56028e-08
2.41753e-08
2.28207e-08
2.15753e-08
2.03749e-08
1.92284e-08
1.81531e-08
1.71579e-08
1.62057e-08
1.52993e-08
1.44659e-08
1.3653e-08
1.29011e-08
1.21843e-08
1.15266e-08
1.08758e-08
1.02708e-08
9.70397e-09
9.16518e-09
8.64619e-09
8.18054e-09
7.72642e-09
7.296e-09
6.90385e-09
6.50047e-09
6.15212e-09
5.80804e-09
5.47846e-09
5.18668e-09
4.89691e-09
4.62557e-09
4.3759e-09
4.12567e-09
3.88961e-09
3.68987e-09
3.47234e-09
3.29102e-09
3.10014e-09
2.92937e-09
2.77294e-09
2.61045e-09
2.46746e-09
2.33314e-09
2.19784e-09
2.07717e-09
1.96863e-09
1.86064e-09
1.75445e-09
1.65861e-09
1.56922e-09
1.48234e-09
1.3979e-09
1.3257e-09
1.25249e-09
1.18036e-09
1.11716e-09
1.04789e-09
9.93513e-10
9.40449e-10
8.87145e-10
8.34575e-10
7.8964e-10
7.44919e-10
7.10106e-10
6.64457e-10
6.30166e-10
5.9298e-10
5.63219e-10
5.33493e-10
5.01419e-10
4.73733e-10
4.48836e-10
4.2462e-10
4.01087e-10
3.80059e-10
3.60885e-10
3.37852e-10
3.18551e-10
3.02677e-10
2.8469e-10
2.69683e-10
2.54236e-10
2.39812e-10
2.26297e-10
2.12157e-10
2.03698e-10
1.89306e-10
1.81714e-10
1.68189e-10
1.58725e-10
1.50951e-10
1.43146e-10
1.3603e-10
1.26946e-10
1.20753e-10
1.13392e-10
1.08361e-10
1.03842e-10
9.67226e-11
9.08393e-11
8.72689e-11
8.17018e-11
7.60565e-11
7.37437e-11
6.92495e-11
6.43361e-11
6.06555e-11
5.66054e-11
5.52127e-11
5.02105e-11
4.78337e-11
4.5322e-11
4.3844e-11
4.14673e-11
3.84013e-11
3.5584e-11
3.40812e-11
3.25038e-11
3.09832e-11
2.98606e-11
2.74873e-11
2.6251e-11
2.4901e-11
2.30784e-11
2.23537e-11
2.18172e-11
2.02363e-11
1.93978e-11
1.71951e-11
1.66871e-11
1.64846e-11
1.49818e-11
1.4623e-11
1.34186e-11
1.31344e-11
1.17808e-11
1.14575e-11
1.03455e-11
1.05302e-11
9.43956e-12
9.15534e-12
8.65796e-12
8.34177e-12
7.43583e-12
7.32214e-12
6.7395e-12
6.25633e-12
6.50857e-12
6.0254e-12
5.45697e-12
4.81748e-12
4.77485e-12
4.20641e-12
4.02522e-12
4.39115e-12
3.82272e-12
3.64153e-12
3.32534e-12
3.58469e-12
3.52429e-12
3.06954e-12
2.90257e-12
2.99849e-12
2.74269e-12
2.43361e-12
2.16005e-12
2.43361e-12
2.07834e-12
1.94689e-12
1.82254e-12
2.07478e-12
1.49569e-12
1.7053e-12
1.48148e-12
1.36424e-12
1.25411e-12
1.06581e-12
1.22569e-12
1.15108e-12
9.5568e-13
7.95808e-13
7.95808e-13
7.95808e-13
7.95808e-13
7.95808e-13
7.95808e-13
7.95808e-13
7.95808e-13
7.95808e-13
7.95808e-13
7.95808e-13
7.95808e-13
7.95808e-13
7.95808e-13
7.95808e-13
7.95808e-13
7.95808e-13
7.95808e-13
7.95808e-13
7.95808e-13
7.95808e-13
7.95808e-13
7.95808e-13
7.95808e-13
7.95808e-13
7.95808e-13
7.95808e-13
7.95808e-13
7.95808e-13
7.95808e-13
7.95808e-13
7.95808e-13
7.95808e-13
7.95808e-13
7.95808e-13
7.95808e-13
7.95808e-13
7.95808e-13
7.95808e-13
7.95808e-13
7.95808e-13
7.95808e-13
7.95808e-13
7.95808e-13
7.95808e-13
7.95808e-13
7.95808e-13
7.95808e-13
7.95808e-13
7.95808e-13
7.95808e-13
7.95808e-13
7.95808e-13
7.95808e-13
7.95808e-13
7.95808e-13
7.95808e-13
7.95808e-13
7.95808e-13
7.95808e-13
7.95808e-13
7.95808e-13
7.95808e-13
7.95808e-13
7.95808e-13
7.95808e-13
7.95808e-13
7.95808e-13
7.95808e-13
7.95808e-13
7.95808e-13
7.95808e-13
7.95808e-13
7.95808e-13
7.95808e-13
7.95808e-13
7.95808e-13
7.95808e-13
7.95808e-13
7.95808e-13
7.95808e-13
7.95808e-13
7.95808e-13
7.95808e-13
7.95808e-13
7.95808e-13
7.95808e-13
7.95808e-13
7.95808e-13
7.95808e-13
7.95808e-13
7.95808e-13
7.95808e-13
7.95808e-13
7.95808e-13
7.95808e-13
7.95808e-13
7.95808e-13
7.95808e-13
7.95808e-13
7.95808e-13
7.95808e-13
7.95808e-13
7.95808e-13
7.95808e-13
7.95808e-13
7.95808e-13
7.95808e-13
7.95808e-13
7.95808e-13
7.95808e-13
7.95808e-13
7.95808e-13
7.95808e-13
7.95808e-13
7.95808e-13
7.95808e-13
7.95808e-13
7.95808e-13
7.95808e-13
7.95808e-13
7.95808e-13
7.95808e-13
7.95808e-13
7.95808e-13
7.95808e-13
7.95808e-13
7.95808e-13
7.95808e-13
7.95808e-13
7.95808e-13
7.95808e-13
7.95808e-13
7.95808e-13
7.95808e-13
7.95808e-13
7.95808e-13
7.95808e-13
7.95808e-13
7.95808e-13
7.95808e-13
7.95808e-13
7.95808e-13
7.95808e-13
7.95808e-13
7.95808e-13
7.95808e-13
7.95808e-13
7.95808e-13
7.95808e-13
7.95808e-13
7.95808e-13
7.95808e-13
7.95808e-13
7.95808e-13
7.95808e-13
7.95808e-13
7.95808e-13
7.95808e-13
7.95808e-13
7.95808e-13
7.95808e-13
7.95808e-13
7.95808e-13
7.95808e-13
7.95808e-13
7.95808e-13
7.95808e-13
7.95808e-13
7.95808e-13
7.95808e-13
7.95808e-13
7.95808e-13
7.95808e-13
7.95808e-13
7.95808e-13
7.95808e-13
7.95808e-13
7.95808e-13
7.95808e-13
7.95808e-13
7.95808e-13
7.95808e-13
7.95808e-13
7.95808e-13
7.95808e-13
7.95808e-13
7.95808e-13
7.95808e-13
7.95808e-13
7.95808e-13
7.95808e-13
7.95808e-13
7.95808e-13
7.95808e-13
7.95808e-13
7.95808e-13
7.95808e-13
7.95808e-13
7.95808e-13
7.95808e-13
7.95808e-13
7.95808e-13
7.95808e-13
7.95808e-13
7.95808e-13
7.95808e-13
7.95808e-13
7.95808e-13
7.95808e-13
7.95808e-13
7.95808e-13
7.95808e-13
7.95808e-13
7.95808e-13
7.95808e-13
7.95808e-13
7.95808e-13
7.95808e-13
7.95808e-13
7.95808e-13
7.95808e-13
7.95808e-13
7.95808e-13
7.95808e-13
7.95808e-13
7.95808e-13
7.95808e-13
7.95808e-13
7.95808e-13
7.95808e-13
7.95808e-13
7.95808e-13
7.95808e-13
7.95808e-13
7.95808e-13
7.95808e-13
7.95808e-13
7.95808e-13
7.95808e-13
7.95808e-13
7.95808e-13
7.95808e-13
7.95808e-13
7.95808e-13
7.95808e-13
7.95808e-13
7.95808e-13
7.95808e-13
7.95808e-13
7.95808e-13
7.95808e-13
7.95808e-13
7.95808e-13
7.95808e-13
7.95808e-13
7.95808e-13
7.95808e-13
7.95808e-13
7.95808e-13
7.95808e-13
7.95808e-13
7.95808e-13
7.95808e-13
7.95808e-13
7.95808e-13
7.95808e-13
7.95808e-13
7.95808e-13
7.95808e-13
7.95808e-13
7.95808e-13
7.95808e-13
7.95808e-13
7.95808e-13
7.95808e-13
7.95808e-13
7.95808e-13
7.95808e-13
7.95808e-13
7.95808e-13
7.95808e-13
7.95808e-13
7.95808e-13
7.95808e-13
7.95808e-13
7.95808e-13
7.95808e-13
7.95808e-13
7.95808e-13
7.95808e-13
7.95808e-13
7.95808e-13
7.95808e-13
7.95808e-13
7.95808e-13
7.95808e-13
7.95808e-13
7.95808e-13
7.95808e-13
7.95808e-13
7.95808e-13
7.95808e-13
7.95808e-13
7.95808e-13
7.95808e-13
7.95808e-13
7.95808e-13
7.95808e-13
7.95808e-13
7.95808e-13
7.95808e-13
7.95808e-13
7.95808e-13
7.95808e-13
7.95808e-13
7.95808e-13
7.95808e-13
7.95808e-13
7.95808e-13
7.95808e-13
7.95808e-13
7.95808e-13
7.95808e-13
7.95808e-13
7.95808e-13
7.95808e-13
7.95808e-13
7.95808e-13
7.95808e-13
7.95808e-13
7.95808e-13
7.95808e-13
7.95808e-13
7.95808e-13
7.95808e-13
7.95808e-13
7.95808e-13
7.95808e-13
7.95808e-13
7.95808e-13
7.95808e-13
7.95808e-13
7.95808e-13
7.95808e-13
7.95808e-13
7.95808e-13
7.95808e-13
7.95808e-13
7.95808e-13
7.95808e-13
7.95808e-13
7.95808e-13
7.95808e-13
7.95808e-13
7.95808e-13
7.95808e-13
7.95808e-13
7.95808e-13
7.95808e-13
7.95808e-13
7.95808e-13
7.95808e-13
7.95808e-13
7.95808e-13
7.95808e-13
7.95808e-13
7.95808e-13
7.95808e-13
7.95808e-13
7.95808e-13
7.95808e-13
7.95808e-13
7.95808e-13
7.95808e-13
7.95808e-13
7.95808e-13
7.95808e-13
7.95808e-13
7.95808e-13
7.95808e-13
7.95808e-13
7.95808e-13
7.95808e-13
7.95808e-13
7.95808e-13
7.95808e-13
7.95808e-13
7.95808e-13
7.95808e-13
7.95808e-13
7.95808e-13
7.95808e-13
7.95808e-13
7.95808e-13
7.95808e-13
7.95808e-13
7.95808e-13
7.95808e-13
7.95808e-13
7.95808e-13
7.95808e-13
7.95808e-13
7.95808e-13
7.95808e-13
7.95808e-13
7.95808e-13
7.95808e-13
7.95808e-13
7.95808e-13
7.95808e-13
7.95808e-13
7.95808e-13
7.95808e-13
7.95808e-13
7.95808e-13
7.95808e-13
7.95808e-13
7.95808e-13
7.95808e-13
7.95808e-13
7.95808e-13
7.95808e-13
7.95808e-13
7.95808e-13
7.95808e-13
7.95808e-13
7.95808e-13
7.95808e-13
7.95808e-13
7.95808e-13
7.95808e-13
7.95808e-13
7.95808e-13
7.95808e-13
7.95808e-13
7.95808e-13
7.95808e-13
7.95808e-13
7.95808e-13
7.95808e-13
7.95808e-13
7.95808e-13
7.95808e-13
7.95808e-13
7.95808e-13
7.95808e-13
7.95808e-13
7.95808e-13
7.95808e-13
7.95808e-13
7.95808e-13
7.95808e-13
7.95808e-13
7.95808e-13
7.95808e-13
7.95808e-13
7.95808e-13
7.95808e-13
7.95808e-13
7.95808e-13
7.95808e-13
7.95808e-13
7.95808e-13
7.95808e-13
7.95808e-13
7.95808e-13
7.95808e-13
7.95808e-13
7.95808e-13
7.95808e-13
7.95808e-13
7.95808e-13
7.95808e-13
7.95808e-13
7.95808e-13
7.95808e-13
7.95808e-13
7.95808e-13
7.95808e-13
7.95808e-13
7.95808e-13
7.95808e-13
7.95808e-13
7.95808e-13
7.95808e-13
7.95808e-13
7.95808e-13
7.95808e-13
7.95808e-13
7.95808e-13
7.95808e-13
7.95808e-13
7.95808e-13
7.95808e-13
7.95808e-13
7.95808e-13
7.95808e-13
7.95808e-13
