2.30259
2.30221
2.3018
2.30152
2.30107
2.30109
2.30081
2.30042
2.29989
2.29983
2.29964
2.29931
2.29935
2.298
2.29836
2.29822
2.29731
2.2965
2.29661
2.29609
2.29582
2.29501
2.29545
2.29547
2.29515
2.29377
2.29426
2.29429
2.29232
2.29362
2.29425
2.29284
2.29269
2.29221
2.2924
2.29187
2.2903
2.29068
2.29043
2.29137
2.28987
2.29066
2.28759
2.28991
2.28994
2.28585
2.28755
2.28871
2.28819
2.28829
2.28615
2.28591
2.28478
2.28351
2.28366
2.28421
2.28383
2.28706
2.28625
2.28351
2.28043
2.28139
2.28327
2.28298
2.28329
2.28075
2.28131
2.28395
2.28559
2.27962
2.2821
2.28329
2.28675
2.28541
2.2842
2.28223
2.28192
2.28242
2.27881
2.27692
2.27469
2.27968
2.27961
2.27775
2.28034
2.27411
2.2783
2.2815
2.27933
2.27441
2.27401
2.27721
2.27722
2.27759
2.27145
2.27914
2.27324
2.27097
2.27136
2.27219
2.27277
2.27493
2.2705
2.26795
2.26987
2.2717
2.27366
2.27323
2.26868
2.27073
2.26314
2.27165
2.2698
2.27173
2.27006
2.27209
2.27308
2.27129
2.27138
2.27068
2.2709
2.26491
2.26927
2.27273
2.27079
2.26838
2.27269
2.26737
2.27083
2.26988
2.26731
2.26867
2.26366
2.27195
2.25891
2.26094
2.26964
2.26759
2.26454
2.27171
2.26593
2.26393
2.26725
2.26911
2.26521
2.26919
2.2748
2.27161
2.26593
2.26693
2.26249
2.26663
2.26263
2.26584
2.2637
2.25695
2.26076
2.26854
2.2698
2.26008
2.26645
2.25896
2.26127
2.26344
2.2584
2.25583
2.26258
2.26283
2.2675
2.26565
2.26247
2.25548
2.26148
2.25481
2.26266
2.26952
2.26747
2.26536
2.26807
2.2556
2.26161
2.25476
2.25383
2.26154
2.26664
2.25496
2.25851
2.25404
2.25539
2.25493
2.26386
2.26014
2.24735
2.25252
2.25002
2.24988
2.24854
2.24382
2.25105
2.25816
2.26266
2.25615
2.25465
2.25067
2.24726
2.25227
2.24172
2.25149
2.25521
2.25172
2.25171
2.24846
2.24662
2.25387
2.25397
2.24728
2.2513
2.24709
2.24631
2.23557
2.25095
2.26071
2.24743
2.24849
2.25245
2.26634
2.24717
2.24172
2.24998
2.24242
2.24371
2.24877
2.24286
2.24302
2.25104
2.24913
2.25584
2.24982
2.2457
2.24975
2.24538
2.24369
2.2518
2.2464
2.24217
2.2499
2.24392
2.25683
2.2456
2.25278
2.24075
2.24329
2.24165
2.23653
2.24061
2.23711
2.23941
2.23937
2.25341
2.24643
2.23729
2.23968
2.2444
2.24657
2.25174
2.2494
2.24414
2.24062
2.24444
2.23955
2.24212
2.24155
2.24129
2.24155
2.24285
2.24229
2.23706
2.24914
2.23745
2.23108
2.22951
2.23167
2.22963
2.24118
2.22384
2.23489
2.2394
2.23488
2.2324
2.23654
2.24438
2.24498
2.23284
2.22846
2.21673
2.23903
2.23618
2.24723
2.24783
2.25153
2.24123
2.25076
2.23611
2.23254
2.23819
2.24406
2.24717
2.24249
2.23666
2.23782
2.24046
2.2252
2.24274
2.24926
2.24268
2.24051
2.24494
2.25054
2.23833
2.23971
2.23515
2.2415
2.24479
2.24098
2.23808
2.23984
2.2323
2.23541
2.23013
2.22733
2.23191
2.23087
2.23091
2.23875
2.23486
2.237
2.23026
2.23081
2.21698
2.22729
2.23352
2.23416
2.22605
2.22344
2.23098
2.22434
2.22718
2.22728
2.24241
2.23326
2.2239
2.23891
2.23781
2.23059
2.22107
2.22903
2.22688
2.22196
2.22597
2.23246
2.24294
2.2195
2.21614
2.2219
2.23856
2.21827
2.21848
2.21181
2.223
2.22698
2.22498
2.22235
2.2232
2.22847
2.22615
2.23561
2.22388
2.21516
2.23164
2.2171
2.23242
2.20666
2.22815
2.23319
2.21714
2.2305
2.22674
2.22181
2.21521
2.2157
2.20996
2.21188
2.21452
2.22319
2.23217
2.22454
2.21569
2.23266
2.22107
2.22912
2.21594
2.21771
2.21584
2.21946
2.21446
2.2226
2.22159
2.22744
2.20538
2.21826
2.22842
2.21936
2.22301
2.2295
2.23139
2.23622
2.21992
2.23915
2.22033
2.22483
2.20286
2.22722
2.22309
2.22691
2.22631
2.22231
2.21071
2.20685
2.2142
2.2218
2.22967
2.21604
2.21297
2.20972
2.20673
2.21883
2.20979
2.22107
2.21991
2.21958
2.21589
2.2282
2.22839
2.22249
2.21324
2.20352
2.21161
2.21762
2.2253
2.21859
2.22025
2.212
2.21369
2.20157
2.22238
2.21079
2.21224
2.2137
2.22206
2.21963
2.22581
2.21572
2.21842
2.22412
2.21347
2.20606
2.20443
2.203
2.20443
2.19516
2.20232
2.20467
2.22262
2.22084
2.21352
2.20985
2.20858
2.20129
2.19998
2.21604
2.20474
2.18511
2.19243
2.20752
2.19275
2.20441
2.19343
2.19214
2.20741
2.22817
2.22431
2.21444
2.20519
2.19359
2.21015
2.23051
2.22606
2.2119
2.21883
2.21722
