23.66
23.6599
23.6599
23.6598
23.6598
23.6598
23.6597
23.6597
23.6597
23.6596
23.6596
23.6596
23.6596
23.6595
23.6595
23.6595
23.6594
23.6594
23.6594
23.6593
23.6593
23.6593
23.6592
23.6592
23.6592
23.6591
23.6591
23.6591
23.659
23.659
23.659
23.6589
23.6589
23.6589
23.6588
23.6588
23.6588
23.6587
23.6587
23.6587
23.6586
23.6586
23.6586
23.6585
23.6585
23.6585
23.6584
23.6584
23.6584
23.6583
23.6583
23.6583
23.6582
23.6582
23.6582
23.6581
23.6581
23.658
23.658
23.658
23.6579
23.6579
23.6579
23.6578
23.6578
23.6578
23.6577
23.6577
23.6577
23.6576
23.6576
23.6576
23.6575
23.6575
23.6575
23.6574
23.6574
23.6574
23.6573
23.6573
23.6573
23.6572
23.6572
23.6572
23.6571
23.6571
23.6571
23.657
23.657
23.657
23.6569
23.6569
23.6568
23.6568
23.6568
23.6567
23.6567
23.6567
23.6566
23.6566
23.6566
23.6565
23.6565
23.6565
23.6564
23.6564
23.6563
23.6563
23.6563
23.6562
23.6562
23.6562
23.6561
23.6561
23.6561
23.656
23.656
23.6559
23.6559
23.6559
23.6558
23.6558
23.6558
23.6557
23.6557
23.6557
23.6556
23.6556
23.6555
23.6555
23.6555
23.6554
23.6554
23.6554
23.6553
23.6553
23.6553
23.6552
23.6552
23.6551
23.6551
23.6551
23.655
23.655
23.655
23.6549
23.6549
23.6549
23.6548
23.6548
23.6547
23.6547
23.6547
23.6546
23.6546
23.6546
23.6545
23.6545
23.6545
23.6544
23.6544
23.6543
23.6543
23.6543
23.6542
23.6542
23.6541
23.6541
23.6541
23.654
23.654
23.654
23.6539
23.6539
23.6538
23.6538
23.6538
23.6537
23.6537
23.6536
23.6536
23.6536
23.6535
23.6535
23.6535
23.6534
23.6534
23.6533
23.6533
23.6533
23.6532
23.6532
23.6532
23.6531
23.6531
23.653
23.653
23.653
23.6529
23.6529
23.6528
23.6528
23.6528
23.6527
23.6527
23.6527
23.6526
23.6526
23.6525
23.6525
23.6525
23.6524
23.6524
23.6523
23.6523
23.6523
23.6522
23.6522
23.6522
23.6521
23.6521
23.652
23.652
23.652
23.6519
23.6519
23.6518
23.6518
23.6518
23.6517
23.6517
23.6516
23.6516
23.6516
23.6515
23.6515
23.6514
23.6514
23.6514
23.6513
23.6513
23.6512
23.6512
23.6512
23.6511
23.6511
23.651
23.651
23.651
23.6509
23.6509
23.6508
23.6508
23.6508
23.6507
23.6507
23.6506
23.6506
23.6506
23.6505
23.6505
23.6504
23.6504
23.6504
23.6503
23.6503
23.6502
23.6502
23.6502
23.6501
23.6501
23.65
23.65
23.65
23.6499
23.6499
23.6498
23.6498
23.6497
23.6497
23.6497
23.6496
23.6496
23.6495
23.6495
23.6495
23.6494
23.6494
23.6493
23.6493
23.6493
23.6492
23.6492
23.6491
23.6491
23.6491
23.649
23.649
23.6489
23.6489
23.6489
23.6488
23.6488
23.6487
23.6487
23.6486
23.6486
23.6486
23.6485
23.6485
23.6484
23.6484
23.6483
23.6483
23.6483
23.6482
23.6482
23.6481
23.6481
23.6481
23.648
23.648
23.6479
23.6479
23.6478
23.6478
23.6478
23.6477
23.6477
23.6476
23.6476
23.6475
23.6475
23.6475
23.6474
23.6474
23.6473
23.6473
23.6472
23.6472
23.6472
23.6471
23.6471
23.647
23.647
23.647
23.6469
23.6469
23.6468
23.6468
23.6467
23.6467
23.6467
23.6466
23.6466
23.6465
23.6465
23.6464
23.6464
23.6464
23.6463
23.6463
23.6462
23.6462
23.6461
23.6461
23.6461
23.646
23.646
23.6459
23.6459
23.6458
23.6458
23.6458
23.6457
23.6457
23.6456
23.6456
23.6455
23.6455
23.6455
23.6454
23.6454
23.6453
23.6453
23.6452
23.6452
23.6451
23.6451
23.6451
23.645
23.645
23.6449
23.6449
23.6448
23.6448
23.6447
23.6447
23.6447
23.6446
23.6446
23.6445
23.6445
23.6444
23.6444
23.6443
23.6443
23.6443
23.6442
23.6442
23.6441
23.6441
23.644
23.644
23.6439
23.6439
23.6439
23.6438
23.6438
23.6437
23.6437
23.6436
23.6436
23.6435
23.6435
23.6435
23.6434
23.6434
23.6433
23.6433
23.6432
23.6432
23.6431
23.6431
23.6431
23.643
23.643
23.6429
23.6429
23.6428
23.6428
23.6427
23.6427
23.6427
23.6426
23.6426
23.6425
23.6425
23.6424
23.6424
23.6423
23.6423
23.6423
23.6422
23.6422
23.6421
23.6421
23.642
23.642
23.6419
23.6419
23.6418
23.6418
23.6417
23.6417
23.6417
23.6416
23.6416
23.6415
23.6415
23.6414
23.6414
23.6413
23.6413
23.6412
23.6412
23.6411
23.6411
23.641
23.641
23.641
23.6409
23.6409
23.6408
23.6408
23.6407
23.6407
23.6406
23.6406
23.6405
23.6405
23.6404
23.6404
23.6404
23.6403
23.6403
23.6402
23.6402
23.6401
23.6401
23.64
23.64
23.6399
23.6399
23.6398
23.6398
23.6398
23.6397
23.6397
23.6396
23.6396
23.6395
23.6395
23.6394
23.6394
23.6393
23.6393
23.6392
23.6392
23.6391
23.6391
23.6391
23.639
23.639
23.6389
23.6389
23.6388
23.6388
23.6387
23.6387
23.6386
23.6386
23.6385
23.6385
23.6384
23.6384
23.6384
23.6383
23.6383
23.6382
23.6382
23.6381
23.6381
23.638
23.638
23.6379
23.6379
23.6378
23.6378
23.6377
23.6377
23.6376
23.6376
23.6375
23.6375
23.6374
23.6374
23.6373
23.6373
23.6372
23.6372
23.6371
23.6371
23.637
23.637
23.6369
23.6369
23.6369
23.6368
23.6368
23.6367
23.6367
23.6366
23.6366
23.6365
23.6365
23.6364
23.6364
23.6363
23.6363
23.6362
23.6362
23.6361
23.6361
23.636
23.636
23.6359
23.6359
23.6358
23.6358
23.6357
23.6357
23.6356
23.6356
23.6355
23.6355
23.6355
23.6354
23.6354
23.6353
23.6353
23.6352
23.6352
23.6351
23.6351
23.635
23.635
23.6349
23.6349
23.6348
23.6348
23.6347
23.6347
23.6346
23.6346
23.6345
23.6345
23.6344
23.6344
23.6343
23.6343
23.6342
23.6342
23.6341
23.6341
23.634
23.634
23.6339
23.6339
23.6338
23.6338
23.6337
23.6337
23.6336
23.6336
23.6335
23.6335
23.6334
23.6334
23.6333
23.6333
23.6332
23.6332
23.6331
23.6331
23.633
23.633
23.6329
23.6329
23.6328
23.6328
23.6327
23.6327
23.6326
23.6326
23.6325
23.6325
23.6324
23.6324
23.6323
23.6323
23.6322
23.6322
23.6321
23.6321
23.632
23.632
23.6319
23.6319
23.6318
23.6318
23.6317
23.6317
23.6316
23.6316
23.6315
23.6315
23.6314
23.6314
23.6313
23.6313
23.6312
23.6312
23.6311
23.6311
23.631
23.631
23.6309
23.6309
23.6308
23.6308
23.6307
23.6307
23.6306
23.6306
23.6305
23.6305
23.6304
23.6304
23.6303
23.6303
23.6302
23.6302
23.6301
23.6301
23.63
23.63
23.6299
23.6298
23.6298
23.6297
23.6297
23.6296
23.6296
23.6295
23.6295
23.6294
23.6294
23.6293
23.6293
23.6292
23.6292
23.6291
23.6291
23.629
23.629
23.6289
23.6288
23.6288
23.6287
23.6287
23.6286
23.6286
23.6285
23.6285
23.6284
23.6284
23.6283
23.6283
23.6282
23.6282
23.6281
23.6281
23.628
23.628
23.6279
23.6279
23.6278
23.6278
23.6277
23.6276
23.6276
23.6275
23.6275
23.6274
23.6274
23.6273
23.6273
23.6272
23.6272
23.6271
23.6271
23.627
23.627
23.6269
23.6269
23.6268
23.6268
23.6267
23.6267
23.6266
23.6265
23.6265
23.6264
23.6264
23.6263
23.6263
23.6262
23.6262
23.6261
23.6261
23.626
23.626
23.6259
23.6259
23.6258
23.6258
23.6257
23.6257
23.6256
23.6256
23.6255
23.6254
23.6254
23.6253
23.6253
23.6252
23.6252
23.6251
23.6251
23.625
23.625
23.6249
23.6249
23.6248
23.6248
23.6247
23.6246
23.6246
23.6245
23.6245
23.6244
23.6244
23.6243
23.6243
23.6242
23.6242
23.6241
23.624
23.624
23.6239
23.6239
23.6238
23.6238
23.6237
23.6237
23.6236
23.6236
23.6235
23.6234
23.6234
23.6233
23.6233
23.6232
23.6232
23.6231
23.6231
23.623
23.623
23.6229
23.6228
23.6228
23.6227
23.6227
23.6226
23.6226
23.6225
23.6225
23.6224
23.6224
23.6223
23.6223
23.6222
23.6221
23.6221
23.622
23.622
23.6219
23.6219
23.6218
23.6218
23.6217
23.6217
23.6216
23.6215
23.6215
23.6214
23.6214
23.6213
23.6213
23.6212
23.6212
23.6211
23.6211
23.621
23.6209
23.6209
23.6208
23.6208
23.6207
23.6207
23.6206
23.6206
23.6205
23.6205
23.6204
23.6203
23.6203
23.6202
23.6202
23.6201
23.6201
23.62
23.62
23.6199
23.6199
23.6198
23.6197
23.6197
23.6196
23.6196
23.6195
23.6195
23.6194
23.6193
23.6193
23.6192
23.6192
23.6191
23.6191
23.619
23.619
23.6189
23.6188
23.6188
23.6187
23.6187
23.6186
23.6186
23.6185
23.6184
23.6184
23.6183
23.6183
23.6182
23.6182
23.6181
23.6181
23.618
23.6179
23.6179
23.6178
23.6178
23.6177
23.6177
23.6176
23.6175
23.6175
23.6174
23.6174
23.6173
23.6173
23.6172
23.6171
23.6171
23.617
23.617
23.6169
23.6169
23.6168
23.6168
23.6167
23.6166
23.6166
23.6165
23.6165
23.6164
23.6164
23.6163
23.6162
23.6162
23.6161
23.6161
23.616
23.616
23.6159
23.6159
23.6158
23.6157
23.6157
23.6156
23.6156
23.6155
23.6155
23.6154
23.6153
23.6153
23.6152
23.6152
23.6151
23.6151
23.615
23.615
23.6149
23.6148
23.6148
23.6147
23.6147
23.6146
23.6146
23.6145
23.6144
23.6144
23.6143
23.6143
23.6142
23.6142
23.6141
23.614
23.614
