23.66
23.66
23.66
23.66
23.66
23.66
23.66
23.66
23.66
23.66
23.66
23.66
23.66
23.6599
23.6599
23.6599
23.6599
23.6599
23.6599
23.6599
23.6599
23.6599
23.6599
23.6599
23.6599
23.6599
23.6599
23.6599
23.6599
23.6599
23.6599
23.6599
23.6599
23.6599
23.6599
23.6599
23.6599
23.6598
23.6598
23.6598
23.6598
23.6598
23.6598
23.6598
23.6598
23.6598
23.6598
23.6598
23.6598
23.6598
23.6598
23.6598
23.6598
23.6598
23.6598
23.6598
23.6598
23.6598
23.6598
23.6598
23.6598
23.6597
23.6597
23.6597
23.6597
23.6597
23.6597
23.6597
23.6597
23.6597
23.6597
23.6597
23.6597
23.6597
23.6597
23.6597
23.6597
23.6597
23.6597
23.6597
23.6597
23.6597
23.6597
23.6597
23.6597
23.6597
23.6596
23.6596
23.6596
23.6596
23.6596
23.6596
23.6596
23.6596
23.6596
23.6596
23.6596
23.6596
23.6596
23.6596
23.6596
23.6596
23.6596
23.6596
23.6596
23.6596
23.6596
23.6596
23.6596
23.6596
23.6596
23.6595
23.6595
23.6595
23.6595
23.6595
23.6595
23.6595
23.6595
23.6595
23.6595
23.6595
23.6595
23.6595
23.6595
23.6595
23.6595
23.6595
23.6595
23.6595
23.6595
23.6595
23.6595
23.6595
23.6595
23.6595
23.6594
23.6594
23.6594
23.6594
23.6594
23.6594
23.6594
23.6594
23.6594
23.6594
23.6594
23.6594
23.6594
23.6594
23.6594
23.6594
23.6594
23.6594
23.6594
23.6594
23.6594
23.6594
23.6594
23.6594
23.6594
23.6593
23.6593
23.6593
23.6593
23.6593
23.6593
23.6593
23.6593
23.6593
23.6593
23.6593
23.6593
23.6593
23.6593
23.6593
23.6593
23.6593
23.6593
23.6593
23.6593
23.6593
23.6593
23.6593
23.6593
23.6592
23.6592
23.6592
23.6592
23.6592
23.6592
23.6592
23.6592
23.6592
23.6592
23.6592
23.6592
23.6592
23.6592
23.6592
23.6592
23.6592
23.6592
23.6592
23.6592
23.6592
23.6592
23.6592
23.6592
23.6592
23.6592
23.6591
23.6591
23.6591
23.6591
23.6591
23.6591
23.6591
23.6591
23.6591
23.6591
23.6591
23.6591
23.6591
23.6591
23.6591
23.6591
23.6591
23.6591
23.6591
23.6591
23.6591
23.6591
23.6591
23.6591
23.659
23.659
23.659
23.659
23.659
23.659
23.659
23.659
23.659
23.659
23.659
23.659
23.659
23.659
23.659
23.659
23.659
23.659
23.659
23.659
23.659
23.659
23.659
23.659
23.659
23.659
23.6589
23.6589
23.6589
23.6589
23.6589
23.6589
23.6589
23.6589
23.6589
23.6589
23.6589
23.6589
23.6589
23.6589
23.6589
23.6589
23.6589
23.6589
23.6589
23.6589
23.6589
23.6589
23.6589
23.6589
23.6588
23.6588
23.6588
23.6588
23.6588
23.6588
23.6588
23.6588
23.6588
23.6588
23.6588
23.6588
23.6588
23.6588
23.6588
23.6588
23.6588
23.6588
23.6588
23.6588
23.6588
23.6588
23.6588
23.6588
23.6587
23.6587
23.6587
23.6587
23.6587
23.6587
23.6587
23.6587
23.6587
23.6587
23.6587
23.6587
23.6587
23.6587
23.6587
23.6587
23.6587
23.6587
23.6587
23.6587
23.6587
23.6587
23.6587
23.6587
23.6587
23.6587
23.6586
23.6586
23.6586
23.6586
23.6586
23.6586
23.6586
23.6586
23.6586
23.6586
23.6586
23.6586
23.6586
23.6586
23.6586
23.6586
23.6586
23.6586
23.6586
23.6586
23.6586
23.6586
23.6586
23.6586
23.6586
23.6585
23.6585
23.6585
23.6585
23.6585
23.6585
23.6585
23.6585
23.6585
23.6585
23.6585
23.6585
23.6585
23.6585
23.6585
23.6585
23.6585
23.6585
23.6585
23.6585
23.6585
23.6585
23.6585
23.6585
23.6584
23.6584
23.6584
23.6584
23.6584
23.6584
23.6584
23.6584
23.6584
23.6584
23.6584
23.6584
23.6584
23.6584
23.6584
23.6584
23.6584
23.6584
23.6584
23.6584
23.6584
23.6584
23.6584
23.6584
23.6584
23.6583
23.6583
23.6583
23.6583
23.6583
23.6583
23.6583
23.6583
23.6583
23.6583
23.6583
23.6583
23.6583
23.6583
23.6583
23.6583
23.6583
23.6583
23.6583
23.6583
23.6583
23.6583
23.6583
23.6583
23.6583
23.6582
23.6582
23.6582
23.6582
23.6582
23.6582
23.6582
23.6582
23.6582
23.6582
23.6582
23.6582
23.6582
23.6582
23.6582
23.6582
23.6582
23.6582
23.6582
23.6582
23.6582
23.6582
23.6582
23.6582
23.6582
23.6581
23.6581
23.6581
23.6581
23.6581
23.6581
23.6581
23.6581
23.6581
23.6581
23.6581
23.6581
23.6581
23.6581
23.6581
23.6581
23.6581
23.6581
23.6581
23.6581
23.6581
23.6581
23.6581
23.6581
23.6581
23.658
23.658
23.658
23.658
23.658
23.658
23.658
23.658
23.658
23.658
23.658
23.658
23.658
23.658
23.658
23.658
23.658
23.658
23.658
23.658
23.658
23.658
23.658
23.658
23.658
23.6579
23.6579
23.6579
23.6579
23.6579
23.6579
23.6579
23.6579
23.6579
23.6579
23.6579
23.6579
23.6579
23.6579
23.6579
23.6579
23.6579
23.6579
23.6579
23.6579
23.6579
23.6579
23.6579
23.6579
23.6578
23.6578
23.6578
23.6578
23.6578
23.6578
23.6578
23.6578
23.6578
23.6578
23.6578
23.6578
23.6578
23.6578
23.6578
23.6578
23.6578
23.6578
23.6578
23.6578
23.6578
23.6578
23.6578
23.6578
23.6578
23.6577
23.6577
23.6577
23.6577
23.6577
23.6577
23.6577
23.6577
23.6577
23.6577
23.6577
23.6577
23.6577
23.6577
23.6577
23.6577
23.6577
23.6577
23.6577
23.6577
23.6577
23.6577
23.6577
23.6577
23.6577
23.6576
23.6576
23.6576
23.6576
23.6576
23.6576
23.6576
23.6576
23.6576
23.6576
23.6576
23.6576
23.6576
23.6576
23.6576
23.6576
23.6576
23.6576
23.6576
23.6576
23.6576
23.6576
23.6576
23.6576
23.6576
23.6575
23.6575
23.6575
23.6575
23.6575
23.6575
23.6575
23.6575
23.6575
23.6575
23.6575
23.6575
23.6575
23.6575
23.6575
23.6575
23.6575
23.6575
23.6575
23.6575
23.6575
23.6575
23.6575
23.6575
23.6574
23.6574
23.6574
23.6574
23.6574
23.6574
23.6574
23.6574
23.6574
23.6574
23.6574
23.6574
23.6574
23.6574
23.6574
23.6574
23.6574
23.6574
23.6574
23.6574
23.6574
23.6574
23.6574
23.6574
23.6574
23.6573
23.6573
23.6573
23.6573
23.6573
23.6573
23.6573
23.6573
23.6573
23.6573
23.6573
23.6573
23.6573
23.6573
23.6573
23.6573
23.6573
23.6572
23.6572
23.6572
23.6572
23.6572
23.6572
23.6572
23.6572
23.6572
23.6572
23.6572
23.6572
23.6572
23.6572
23.6572
23.6572
23.6572
23.6571
23.6571
23.6571
23.6571
23.6571
23.6571
23.6571
23.6571
23.6571
23.6571
23.6571
23.6571
23.6571
23.6571
23.6571
23.6571
23.657
23.657
23.657
23.657
23.657
23.657
23.657
23.657
23.657
23.657
23.657
23.657
23.657
23.657
23.657
23.657
23.657
23.6569
23.6569
23.6569
23.6569
23.6569
23.6569
23.6569
23.6569
23.6569
23.6569
23.6569
23.6569
23.6569
23.6569
23.6569
23.6569
23.6568
23.6568
23.6568
23.6568
23.6568
23.6568
23.6568
23.6568
23.6568
23.6568
23.6568
23.6568
23.6568
23.6568
23.6568
23.6568
23.6568
23.6567
23.6567
23.6567
23.6567
23.6567
23.6567
23.6567
23.6567
23.6567
23.6567
23.6567
23.6567
23.6567
23.6567
23.6567
23.6567
23.6567
23.6566
23.6566
23.6566
23.6566
23.6566
23.6566
23.6566
23.6566
23.6566
23.6566
23.6566
23.6566
23.6566
23.6566
23.6566
23.6566
23.6565
23.6565
23.6565
23.6565
23.6565
23.6565
23.6565
23.6565
23.6565
23.6565
23.6565
23.6565
23.6565
23.6565
23.6565
23.6565
23.6565
23.6564
23.6564
23.6564
23.6564
23.6564
23.6564
23.6564
23.6564
23.6564
23.6564
23.6564
23.6564
23.6564
23.6564
23.6564
23.6564
23.6563
23.6563
23.6563
23.6563
23.6563
23.6563
23.6563
23.6563
23.6563
23.6563
23.6563
23.6563
23.6563
23.6563
23.6563
23.6563
23.6562
23.6562
23.6562
23.6562
23.6562
23.6562
23.6562
23.6562
23.6562
23.6562
23.6562
23.6562
23.6562
23.6562
23.6562
23.6562
23.6562
23.6561
23.6561
23.6561
23.6561
23.6561
23.6561
23.6561
23.6561
23.6561
23.6561
23.6561
23.6561
23.6561
23.6561
23.6561
23.6561
23.6561
23.656
23.656
23.656
23.656
23.656
23.656
23.656
23.656
23.656
23.656
23.656
23.656
23.656
23.656
23.656
23.656
23.6559
23.6559
23.6559
23.6559
23.6559
23.6559
23.6559
23.6559
23.6559
23.6559
23.6559
23.6559
23.6559
23.6559
23.6559
23.6559
23.6559
23.6558
23.6558
23.6558
23.6558
23.6558
23.6558
23.6558
23.6558
23.6558
23.6558
23.6558
23.6558
23.6558
23.6558
23.6558
23.6558
23.6558
23.6557
23.6557
23.6557
23.6557
23.6557
23.6557
23.6557
23.6557
23.6557
23.6557
23.6557
23.6557
23.6557
23.6557
23.6557
23.6557
23.6556
23.6556
23.6556
23.6556
23.6556
23.6556
23.6556
23.6556
23.6556
23.6556
23.6556
23.6556
23.6556
23.6556
23.6556
23.6556
23.6556
23.6555
23.6555
23.6555
23.6555
23.6555
23.6555
23.6555
23.6555
23.6555
23.6555
23.6555
23.6555
23.6555
23.6555
23.6555
23.6555
23.6554
23.6554
23.6554
23.6554
23.6554
23.6554
23.6554
23.6554
23.6554
23.6554
23.6554
23.6554
23.6554
23.6554
23.6554
23.6554
23.6553
23.6553
23.6553
23.6553
23.6553
23.6553
23.6553
23.6553
23.6553
23.6553
23.6553
23.6553
