2.30259
2.03632
1.7705
1.58691
1.39611
1.3972
1.34061
1.18521
1.16873
1.08935
1.1531
1.00576
1.00823
1.07224
0.888042
0.842933
0.756903
0.665792
0.720236
0.69041
0.7258
0.544406
0.610596
0.644129
0.71304
0.56041
0.638303
0.704417
0.546067
0.619226
0.737674
0.562415
0.624089
0.615348
0.554343
0.671061
0.543456
0.600907
0.511268
0.522972
0.53196
0.598561
0.523367
0.572839
0.510002
0.395491
0.596862
0.574988
0.516616
0.569233
0.52528
0.670763
0.406331
0.553286
0.361871
0.46527
0.50407
0.513112
0.507711
0.427974
0.337183
0.414625
0.447595
0.350239
0.512406
0.307522
0.42313
0.415905
0.5867
0.539904
0.543507
0.492155
0.735
0.582853
0.438931
0.437388
0.543095
0.519196
0.556532
0.506936
0.370806
0.539337
0.673926
0.408196
0.560623
0.330108
0.607444
0.822535
0.676745
0.453572
0.359034
0.401772
0.538071
0.480981
0.493238
0.438513
0.375165
0.451025
0.343674
0.301596
0.422299
0.36604
0.535077
0.250375
0.342493
0.278731
0.31658
0.52401
0.343247
0.371869
0.300133
0.33123
0.459772
0.327452
0.320586
0.595114
0.517215
0.601603
0.402422
0.353709
0.386794
0.387312
0.4655
0.509033
0.471043
0.572647
0.662087
0.451337
0.338263
0.549973
0.721674
0.551579
0.328111
0.448806
0.289753
0.31711
0.509877
0.497035
0.423441
0.635463
0.486731
0.512838
0.518336
0.667337
0.377005
0.582588
0.672781
0.712493
0.523544
0.359636
0.284942
0.538872
0.407738
0.33678
0.363934
0.396346
0.314946
0.589149
0.533864
0.524794
0.488812
0.348562
0.37451
0.320603
0.347262
0.422524
0.461974
0.456795
0.40605
0.491435
0.460272
0.419701
0.488552
0.231779
0.475078
0.61144
0.45386
0.496828
0.522666
0.285976
0.344061
0.258687
0.320856
0.284299
0.443868
0.382798
0.327694
0.319916
0.325233
0.299867
0.417833
0.369504
0.423432
0.388213
0.299356
0.470952
0.227203
0.196145
0.415881
0.410361
0.513002
0.461044
0.387674
0.295595
0.22438
0.422845
0.355182
0.477866
0.463843
0.634659
0.423677
0.359253
0.225402
0.422422
0.269069
0.419511
0.335312
0.25657
0.208084
0.343677
0.251719
0.479187
0.491841
0.218829
0.475876
0.760081
0.399548
0.385911
0.257313
0.206804
0.44283
0.386345
0.267375
0.341137
0.340976
0.329839
0.384462
0.442527
0.448008
0.399973
0.35444
0.299356
0.501837
0.295891
0.392911
0.388934
0.441009
0.576155
0.336073
0.466214
0.301932
0.322814
0.338399
0.374621
0.242128
0.299358
0.288838
0.292151
0.375246
0.326388
0.258561
0.256373
0.307076
0.526777
0.423641
0.418852
0.531908
0.540498
0.473932
0.274834
0.23296
0.531941
0.371538
0.289828
0.381283
0.31008
0.387331
0.395345
0.324505
0.256337
0.200557
0.392759
0.27097
0.516682
0.289714
0.31523
0.658184
0.353885
0.221
0.313396
0.356481
0.512382
0.398043
0.414475
0.298669
0.369984
0.306285
0.48187
0.523905
0.543725
0.413856
0.532092
0.326965
0.290446
0.365126
0.386253
0.559381
0.358002
0.49142
0.344001
0.369777
0.573425
0.43932
0.678771
0.430129
0.307572
0.498347
0.57999
0.359089
0.352568
0.365709
0.474309
0.504515
0.527343
0.525097
0.358372
0.344463
0.457595
0.320768
0.293681
0.374545
0.272179
0.380903
0.465832
0.355306
0.35396
0.222431
0.3184
0.151897
0.177131
0.312822
0.231685
0.221512
0.263423
0.446291
0.474486
0.445386
0.388871
0.542166
0.322765
0.243736
0.332097
0.348081
0.277829
0.419909
0.227599
0.407044
0.250077
0.24816
0.356929
0.440779
0.314561
0.238629
0.25754
0.460292
0.239824
0.152773
0.349296
0.352764
0.220396
0.393542
0.426924
0.452495
0.753725
0.775993
0.493884
0.303569
0.36725
0.357661
0.412516
0.351667
0.207974
0.372797
0.395616
0.221243
0.546872
0.463484
0.304662
0.183529
0.234088
0.227999
0.308834
0.275396
0.610312
0.604637
0.283867
0.407508
0.377029
0.395042
0.446022
0.307202
0.305757
0.277523
0.316936
0.343804
0.369739
0.271859
0.304401
0.225271
0.301943
0.385822
0.269147
0.475427
0.438
0.519591
0.461634
0.259075
0.360861
0.271547
0.363514
0.375213
0.436595
0.352256
0.551604
0.53388
0.447753
0.268274
0.378816
0.395055
0.464487
0.391569
0.302906
0.356479
0.182982
0.188092
0.296878
0.306309
0.280855
0.422473
0.410148
0.252411
0.41564
0.390055
0.471566
0.418302
0.237345
0.194343
0.293307
0.474913
0.375015
0.543413
0.383624
0.2943
0.219988
0.516431
0.411089
0.385984
0.313891
0.49542
0.408687
0.476119
0.388885
0.574151
0.433968
0.3967
0.20396
0.27023
0.297152
0.240933
0.292282
0.300229
0.261542
0.477721
0.368731
0.363736
0.30601
0.485342
0.38129
0.194132
0.506721
0.261548
0.192505
0.206345
0.520445
0.149336
0.322364
0.275217
0.184821
0.278075
0.527235
0.610347
0.319044
0.379494
0.203448
0.452544
0.66958
0.499294
0.230658
0.57103
0.348709
