2.30259
2.29086
2.27783
2.2689
2.2548
2.25525
2.24633
2.23401
2.21796
2.21542
2.20976
2.19986
2.19916
2.16126
2.16905
2.16605
2.13719
2.11518
2.11629
2.10229
2.09387
2.06701
2.08194
2.08
2.07186
2.03428
2.04547
2.04646
1.98791
2.02441
2.05016
2.00362
2.00351
1.9888
1.98796
1.97936
1.93961
1.94865
1.93448
1.95999
1.92104
1.93353
1.86837
1.92791
1.9191
1.80994
1.86687
1.88974
1.87868
1.8642
1.82531
1.83009
1.79127
1.77036
1.75351
1.77401
1.77665
1.84169
1.82202
1.75692
1.67623
1.69418
1.74404
1.73849
1.74303
1.66039
1.70166
1.76298
1.80766
1.67987
1.72208
1.74744
1.85714
1.8123
1.75312
1.72328
1.72191
1.73698
1.6451
1.61421
1.57226
1.66862
1.70222
1.63525
1.66959
1.51789
1.64147
1.72621
1.6951
1.52868
1.54237
1.60135
1.6049
1.59408
1.49437
1.63176
1.52134
1.50165
1.48143
1.49033
1.51942
1.55086
1.49365
1.38486
1.45177
1.47694
1.49709
1.53905
1.40758
1.46003
1.33559
1.48125
1.44098
1.46957
1.41995
1.51149
1.51632
1.5484
1.49548
1.49341
1.44954
1.37564
1.44257
1.51987
1.47363
1.4546
1.54046
1.41519
1.45041
1.46768
1.49806
1.44141
1.35874
1.50153
1.27224
1.24509
1.441
1.43492
1.39496
1.53178
1.37988
1.38833
1.43027
1.48334
1.3809
1.4481
1.6006
1.56216
1.38589
1.35207
1.27367
1.40909
1.31297
1.33902
1.32612
1.26285
1.30003
1.49135
1.47486
1.30177
1.42337
1.30429
1.25729
1.29086
1.24936
1.21105
1.294
1.3598
1.41422
1.39679
1.35835
1.24242
1.32924
1.21599
1.30422
1.48656
1.43203
1.40072
1.39019
1.17773
1.3072
1.13862
1.22064
1.26805
1.34998
1.20225
1.25276
1.18161
1.18957
1.18594
1.36179
1.2871
1.13235
1.19996
1.10125
1.17791
1.06104
1.01752
1.16262
1.28804
1.34358
1.23242
1.22425
1.14684
1.07474
1.19127
1.04151
1.17729
1.21534
1.27068
1.14304
1.09884
1.05712
1.23598
1.16325
1.16798
1.15964
1.06727
0.989387
0.952783
1.16015
1.34512
1.17778
1.08105
1.23642
1.45347
1.15937
1.04881
1.09644
1.02439
1.08786
1.11007
1.01936
1.05706
1.11924
1.10488
1.20101
1.16944
1.1227
1.11915
1.08271
1.03192
1.18347
1.09712
1.08326
1.14514
1.11106
1.27487
1.09076
1.19845
0.99384
1.02737
1.03473
1.01352
0.962587
0.956671
0.981944
0.987856
1.1617
1.08686
0.956725
0.976828
1.07899
1.16781
1.14898
1.15163
1.13656
1.08343
1.10768
0.986952
1.01171
1.12546
1.07606
1.07163
1.09839
1.00177
1.03246
1.12368
1.00583
0.889133
0.835878
0.974216
0.895719
1.08516
0.889119
0.954237
1.11681
1.01808
0.93772
1.00136
1.05235
1.18948
0.978196
0.980943
0.816639
1.00595
0.978545
1.19104
1.19866
1.20438
1.12197
1.26574
0.954718
0.970066
1.08723
1.11837
1.18637
1.10238
1.06244
0.982489
1.02807
0.954201
1.08866
1.25297
1.09429
1.04008
1.16428
1.18613
0.980542
0.999256
0.946077
1.10185
1.20817
1.07746
1.13749
1.0446
0.937738
1.02478
0.89653
0.941626
1.04136
0.949823
0.999784
1.08047
0.980806
0.97466
0.903531
0.893871
0.746658
0.827209
1.03454
0.907799
0.824611
0.907946
0.961873
0.965236
0.956236
0.990031
1.11719
0.964266
0.892393
1.0246
0.987154
0.889965
0.925846
0.899719
1.03707
0.885059
0.88389
1.0045
1.11787
0.845897
0.774255
0.854352
1.07526
0.802275
0.75446
0.790294
0.923433
0.83321
0.890397
0.907772
0.8959
1.00953
1.04603
1.00851
0.883219
0.889894
0.955382
0.881965
0.983381
0.814836
0.936145
1.00082
0.794728
0.978405
0.973115
0.817296
0.779356
0.764633
0.750394
0.764284
0.811816
1.01163
1.03677
0.889425
0.928405
1.05716
0.967392
0.985005
0.837818
0.824902
0.849964
0.830267
0.904118
0.923161
0.836293
0.864329
0.74267
0.7838
0.97341
0.888875
0.935696
1.09906
1.06581
1.06266
0.856817
1.03833
0.845208
0.875479
0.777956
0.995717
1.00998
1.02833
0.964333
0.846462
0.814999
0.786982
0.832418
0.990254
1.08492
0.792568
0.811546
0.669058
0.691484
0.834187
0.761228
0.804326
0.891222
0.923744
0.856811
1.01709
0.969845
0.999688
0.821311
0.688604
0.727909
0.852904
0.961582
0.839199
0.939072
0.882943
0.778634
0.733387
1.00427
0.836594
0.828466
0.843855
0.974387
0.900818
0.994307
0.834471
0.911639
0.949911
0.850014
0.736578
0.788714
0.737132
0.743318
0.71619
0.775575
0.762367
0.943374
0.926833
0.903601
0.79733
0.901483
0.781238
0.675305
0.898193
0.706357
0.590972
0.662815
0.821093
0.635949
0.783294
0.727261
0.682014
0.71272
1.01007
1.03666
0.881677
0.849047
0.652694
0.904494
1.20521
0.93468
0.800169
0.938634
0.921467
