2.30259
2.30258
2.30258
2.30258
2.30258
2.30258
2.30257
2.30257
2.30257
2.30257
2.30257
2.30257
2.30256
2.30256
2.30256
2.30256
2.30255
2.30255
2.30255
2.30255
2.30254
2.30254
2.30254
2.30254
2.30254
2.30253
2.30254
2.30253
2.30252
2.30253
2.30253
2.30253
2.30253
2.30252
2.30253
2.30252
2.30251
2.30251
2.30251
2.30252
2.30251
2.30251
2.30249
2.30251
2.30251
2.30248
2.30249
2.3025
2.30249
2.3025
2.30249
2.30248
2.30248
2.30246
2.30247
2.30247
2.30247
2.30249
2.30249
2.30247
2.30244
2.30245
2.30246
2.30247
2.30246
2.30244
2.30246
2.30247
2.30248
2.30244
2.30246
2.30246
2.30249
2.30248
2.30247
2.30246
2.30245
2.30246
2.30243
2.30242
2.3024
2.30245
2.30244
2.30243
2.30244
2.3024
2.30242
2.30244
2.30244
2.3024
2.3024
2.30242
2.30242
2.30241
2.30238
2.30243
2.30239
2.30237
2.30238
2.30239
2.30239
2.30241
2.30237
2.30235
2.30236
2.30238
2.30239
2.30238
2.30237
2.30237
2.30233
2.30237
2.30237
2.30238
2.30237
2.30238
2.30239
2.30237
2.30238
2.30237
2.30237
2.30234
2.30236
2.30239
2.30236
2.30235
2.30237
2.30234
2.30236
2.30235
2.30233
2.30235
2.30232
2.30236
2.30228
2.30229
2.30235
2.30234
2.30232
2.30237
2.30232
2.3023
2.30233
2.30235
2.30232
2.30235
2.30238
2.30236
2.30232
2.30234
2.30231
2.30233
2.3023
2.30233
2.3023
2.30227
2.30229
2.30234
2.30235
2.30229
2.30232
2.30227
2.3023
2.30231
2.30228
2.30225
2.3023
2.30228
2.30233
2.30232
2.3023
2.30224
2.30228
2.30224
2.30231
2.30233
2.30232
2.30232
2.30234
2.30224
2.30229
2.30224
2.30224
2.30229
2.30233
2.30223
2.30225
2.30222
2.30225
2.30224
2.30231
2.30228
2.30217
2.3022
2.30219
2.3022
2.30218
2.30214
2.3022
2.30223
2.30227
2.30223
2.30222
2.30219
2.30218
2.3022
2.30214
2.3022
2.30224
2.3022
2.3022
2.30216
2.30215
2.30221
2.3022
2.30217
2.30221
2.30217
2.30214
2.30207
2.30217
2.30224
2.30216
2.30218
2.30222
2.3023
2.30216
2.30211
2.30218
2.30211
2.30211
2.30216
2.30212
2.30212
2.30216
2.30217
2.30222
2.30216
2.30214
2.30217
2.30214
2.30214
2.30219
2.30216
2.3021
2.30215
2.30213
2.30223
2.30215
2.30221
2.3021
2.30212
2.3021
2.30205
2.30209
2.30205
2.30207
2.30209
2.30221
2.30214
2.30206
2.30209
2.30212
2.30214
2.30217
2.30215
2.30211
2.30208
2.30212
2.30208
2.3021
2.30207
2.30207
2.30207
2.30208
2.3021
2.30208
2.30214
2.30206
2.30199
2.30199
2.30201
2.30198
2.30207
2.30193
2.30203
2.30207
2.30204
2.30202
2.30203
2.3021
2.3021
2.30201
2.30196
2.3019
2.30207
2.30204
2.30212
2.30215
2.30217
2.30207
2.30217
2.30204
2.302
2.30205
2.30209
2.30214
2.30209
2.30204
2.30206
2.30206
2.30195
2.30208
2.30214
2.30208
2.30208
2.30209
2.30213
2.30203
2.30205
2.30202
2.30208
2.30209
2.30206
2.30204
2.30204
2.30198
2.30201
2.30199
2.30193
2.30198
2.302
2.30198
2.30205
2.30201
2.30202
2.30198
2.30198
2.30186
2.30197
2.30202
2.30199
2.30193
2.3019
2.30196
2.30191
2.30194
2.30194
2.30206
2.302
2.30191
2.30204
2.30203
2.30197
2.30187
2.30195
2.30193
2.30188
2.30192
2.30198
2.30207
2.30183
2.30181
2.30188
2.30203
2.30185
2.30184
2.30178
2.30189
2.30195
2.30191
2.30188
2.30189
2.30192
2.30191
2.30197
2.30188
2.3018
2.30196
2.30185
2.30197
2.30175
2.30194
2.30197
2.30185
2.30196
2.3019
2.30187
2.30181
2.30182
2.30177
2.30177
2.30181
2.30186
2.30196
2.3019
2.3018
2.30197
2.30188
2.30192
2.30182
2.30182
2.30182
2.30186
2.30179
2.30185
2.30187
2.3019
2.30171
2.30181
2.3019
2.30183
2.30187
2.30192
2.30193
2.30198
2.30186
2.30201
2.30186
2.30187
2.30169
2.30192
2.30186
2.30187
2.30188
2.30183
2.30172
2.30172
2.30179
2.30184
2.30193
2.30179
2.30177
2.30173
2.30173
2.3018
2.30173
2.30186
2.30181
2.30184
2.30179
2.30189
2.3019
2.30184
2.30175
2.30168
2.30174
2.3018
2.30188
2.30179
2.30182
2.30173
2.30173
2.30164
2.30185
2.30174
2.30172
2.30175
2.30182
2.30183
2.30187
2.30179
2.30181
2.30185
2.30177
2.30167
2.30164
2.30165
2.30165
2.30158
2.30165
2.30166
2.30184
2.30182
2.30174
2.30169
2.30165
2.30162
2.30163
2.30177
2.30165
2.30148
2.30153
2.30166
2.30153
2.30164
2.30154
2.30152
2.30168
2.30189
2.30184
2.30173
2.30165
2.30157
2.30166
2.30188
2.30185
2.30169
2.30177
2.30176
