2.30259
1.97138
1.63966
1.43051
1.23232
1.2792
1.22011
0.948582
0.867216
0.822007
0.923032
0.76891
0.745431
0.625696
0.576337
0.659741
0.5809
0.455913
0.468935
0.48633
0.652718
0.378104
0.457346
0.446001
0.51838
0.348199
0.521043
0.652843
0.365117
0.453855
0.572322
0.341855
0.497815
0.489301
0.344734
0.443233
0.434469
0.490743
0.377909
0.322765
0.489698
0.49299
0.402261
0.389568
0.29608
0.337624
0.585833
0.418432
0.374045
0.443251
0.370197
0.593287
0.291397
0.434761
0.253064
0.43071
0.405368
0.415321
0.353774
0.30536
0.255813
0.343905
0.343019
0.245523
0.427183
0.244028
0.334318
0.286895
0.536969
0.50189
0.484286
0.40446
0.629219
0.42563
0.326516
0.345326
0.399785
0.384004
0.485737
0.383715
0.334592
0.527315
0.676365
0.228747
0.508656
0.289753
0.51353
0.800292
0.59782
0.406696
0.273698
0.346876
0.458523
0.450401
0.536909
0.364192
0.343271
0.406303
0.248109
0.180107
0.408402
0.295982
0.565619
0.227294
0.261875
0.192143
0.263987
0.480059
0.277945
0.283923
0.247898
0.230066
0.391366
0.25628
0.303448
0.541493
0.53531
0.625208
0.323784
0.265474
0.331128
0.349763
0.415178
0.531319
0.462635
0.719923
0.819466
0.369177
0.23031
0.496521
0.645131
0.536851
0.307875
0.352723
0.262939
0.323209
0.467057
0.441655
0.33929
0.547431
0.451697
0.456365
0.470454
0.66824
0.275851
0.465889
0.639378
0.911281
0.440279
0.311871
0.243941
0.536839
0.403071
0.277692
0.322536
0.321509
0.246799
0.566825
0.389726
0.58225
0.426599
0.302973
0.228327
0.25733
0.349296
0.390882
0.421233
0.371518
0.342813
0.37737
0.443495
0.343042
0.431548
0.118107
0.431181
0.5289
0.367438
0.362551
0.423393
0.239194
0.284097
0.217927
0.212483
0.206841
0.379581
0.339647
0.249299
0.308735
0.227214
0.21127
0.398114
0.282634
0.324013
0.304408
0.227061
0.389544
0.147644
0.215886
0.37978
0.406641
0.443014
0.396722
0.292448
0.234211
0.210667
0.328282
0.400117
0.461559
0.492341
0.713144
0.44146
0.355221
0.186636
0.406056
0.204082
0.431104
0.361739
0.205775
0.162262
0.351076
0.139281
0.404958
0.520987
0.18629
0.376175
0.695859
0.394362
0.259592
0.200894
0.157254
0.493373
0.384208
0.179042
0.242922
0.373608
0.309741
0.371261
0.389374
0.334621
0.40307
0.275533
0.227706
0.444631
0.237667
0.319271
0.389957
0.398043
0.575823
0.262867
0.365937
0.216228
0.241643
0.266213
0.333243
0.160845
0.267127
0.245223
0.217517
0.299333
0.267235
0.215592
0.211239
0.232055
0.514399
0.376374
0.39209
0.530606
0.572637
0.549881
0.158101
0.161267
0.563127
0.318463
0.250239
0.295385
0.290886
0.38822
0.392334
0.343792
0.170806
0.138708
0.361275
0.178747
0.485038
0.262887
0.307341
0.788256
0.346165
0.197981
0.28179
0.223997
0.395842
0.375521
0.375519
0.233797
0.342379
0.262917
0.42412
0.499243
0.467664
0.367569
0.482718
0.242668
0.267551
0.345737
0.321128
0.44853
0.307922
0.453218
0.370954
0.351769
0.623596
0.382677
0.658214
0.388002
0.259439
0.436701
0.550186
0.33758
0.30925
0.325178
0.400478
0.390236
0.508809
0.496653
0.251884
0.357769
0.414091
0.242419
0.246208
0.335309
0.210252
0.380486
0.450582
0.313735
0.334111
0.172794
0.25078
0.109966
0.158662
0.259455
0.197507
0.165597
0.196724
0.472475
0.479265
0.364419
0.351056
0.478395
0.293258
0.214231
0.259083
0.310615
0.23979
0.432797
0.184137
0.382682
0.165365
0.253434
0.309362
0.409802
0.29873
0.235587
0.211017
0.406096
0.245929
0.0945597
0.394838
0.321165
0.241688
0.369514
0.485734
0.51238
1.10728
1.05943
0.414203
0.247653
0.364209
0.408828
0.421196
0.288294
0.217275
0.38659
0.455897
0.152134
0.490625
0.504826
0.337231
0.179705
0.211055
0.209992
0.342982
0.288841
0.685479
0.660344
0.254739
0.516223
0.285437
0.361791
0.451904
0.289646
0.313289
0.219174
0.352809
0.340192
0.328019
0.217593
0.342937
0.191249
0.27227
0.39338
0.25092
0.499545
0.371928
0.51523
0.437885
0.187846
0.279039
0.247143
0.452385
0.426444
0.46329
0.384384
0.51551
0.663208
0.666864
0.254795
0.535146
0.467271
0.47036
0.377842
0.334008
0.411177
0.177041
0.149587
0.312438
0.272983
0.300328
0.338018
0.444126
0.192853
0.379376
0.428825
0.520207
0.42003
0.191794
0.19589
0.263034
0.488006
0.371958
0.536041
0.344682
0.208607
0.213374
0.520038
0.437936
0.428106
0.246159
0.528786
0.334745
0.410233
0.395407
0.639291
0.410138
0.414379
0.128522
0.259926
0.331459
0.207719
0.28333
0.25721
0.222084
0.469493
0.344228
0.347257
0.335184
0.455138
0.419131
0.164015
0.64483
0.304324
0.199797
0.178945
0.506709
0.135172
0.299632
0.259697
0.131452
0.208806
0.572749
0.589566
0.213706
0.387305
0.203464
0.436566
0.652849
0.486671
0.248251
0.672935
0.356857
