17.4403
14.0095
11.688
9.9822
8.67121
7.6347
6.79912
6.11589
5.55119
5.08047
4.68538
4.35182
4.06883
3.82768
3.62135
3.44417
3.29147
3.15942
3.04481
2.94499
2.85774
2.78117
2.71372
2.65404
2.60101
2.55366
2.51118
2.47287
2.43815
2.4065
2.3775
2.35078
2.32603
2.30297
2.28137
2.26104
2.24182
2.22354
2.2061
2.18938
2.17329
2.15776
2.14272
2.1281
2.11387
2.09997
2.08638
2.07305
2.05997
2.0471
2.03444
2.02196
2.00964
1.99748
1.98546
1.97357
1.96181
1.95017
1.93863
1.92721
1.91588
1.90465
1.89351
1.88246
1.8715
1.86062
1.84982
1.8391
1.82846
1.8179
1.80741
1.79699
1.78664
1.77637
1.76617
1.75603
1.74597
1.73597
1.72603
1.71616
1.70636
1.69662
1.68695
1.67733
1.66778
1.65829
1.64887
1.6395
1.63019
1.62094
1.61176
1.60263
1.59355
1.58454
1.57558
1.56668
1.55784
1.54905
1.54032
1.53164
1.52302
1.51445
1.50593
1.49747
1.48906
1.4807
1.4724
1.46414
1.45594
1.44779
1.43969
1.43164
1.42364
1.41568
1.40778
1.39993
1.39212
1.38437
1.37666
1.36899
1.36138
1.35381
1.34629
1.33881
1.33138
1.32399
1.31665
1.30936
1.30211
1.2949
1.28773
1.28061
1.27353
1.2665
1.25951
1.25256
1.24565
1.23878
1.23196
1.22517
1.21843
1.21172
1.20506
1.19844
1.19185
1.18531
1.1788
1.17234
1.16591
1.15952
1.15317
1.14685
1.14058
1.13434
1.12813
1.12197
1.11584
1.10975
1.10369
1.09767
1.09168
1.08573
1.07981
1.07393
1.06809
1.06227
1.0565
1.05075
1.04504
1.03936
1.03372
1.02811
1.02253
1.01698
1.01147
1.00599
1.00054
0.99512
0.989734
0.984378
0.979054
0.97376
0.968497
0.963265
0.958063
0.95289
0.947748
0.942635
0.937552
0.932498
0.927474
0.922478
0.91751
0.912572
0.907661
0.902779
0.897925
0.893098
0.888299
0.883528
0.878784
0.874067
0.869377
0.864713
0.860076
0.855466
0.850881
0.846323
0.841791
0.837285
0.832804
0.828348
0.823918
0.819513
0.815133
0.810777
0.806446
0.80214
0.797858
0.7936
0.789366
0.785156
0.78097
0.776808
0.772668
0.768552
0.76446
0.76039
0.756343
0.752318
0.748317
0.744337
0.74038
0.736445
0.732533
0.728642
0.724773
0.720925
0.717099
0.713294
0.709511
0.705748
0.702007
0.698286
0.694586
0.690907
0.687247
0.683609
0.67999
0.676392
0.672814
0.669255
0.665716
0.662197
0.658697
0.655217
0.651756
0.648314
0.644891
0.641487
0.638102
0.634735
0.631387
0.628057
0.624746
0.621453
0.618179
0.614922
0.611683
0.608462
0.605258
0.602072
0.598904
0.595753
0.592619
0.589503
0.586404
0.583321
0.580256
0.577207
0.574175
0.571159
0.56816
0.565177
0.562211
0.559261
0.556327
0.553408
0.550506
0.54762
0.544749
0.541894
0.539055
0.536231
0.533422
0.530629
0.52785
0.525087
0.522339
0.519606
0.516888
0.514184
0.511495
0.508821
0.506161
0.503515
0.500884
0.498267
0.495664
0.493075
0.490501
0.48794
0.485393
0.48286
0.48034
0.477834
0.475342
0.472862
0.470397
0.467945
0.465505
0.463079
0.460666
0.458266
0.455879
0.453505
0.451143
0.448795
0.446458
0.444135
0.441824
0.439525
0.437238
0.434964
0.432702
0.430452
0.428215
0.425989
0.423775
0.421573
0.419383
0.417204
0.415037
0.412882
0.410738
0.408606
0.406485
0.404375
0.402277
0.40019
0.398114
0.396049
0.393995
0.391952
0.38992
0.387898
0.385888
0.383888
0.381899
0.37992
0.377952
0.375995
0.374048
0.372111
0.370184
0.368268
0.366362
0.364466
0.36258
0.360704
0.358838
0.356982
0.355136
0.353299
0.351472
0.349655
0.347848
0.34605
0.344262
0.342483
0.340713
0.338953
0.337203
0.335461
0.333729
0.332006
0.330292
0.328587
0.326891
0.325204
0.323525
0.321856
0.320196
0.318544
0.316901
0.315267
0.313641
0.312024
0.310415
0.308815
0.307223
0.30564
0.304065
0.302498
0.30094
0.299389
0.297847
0.296313
0.294787
0.293269
0.291759
0.290257
0.288763
0.287277
0.285799
0.284328
0.282865
0.28141
0.279962
0.278522
0.277089
0.275664
0.274247
0.272837
0.271434
0.270039
0.26865
0.26727
0.265896
0.26453
0.26317
0.261818
0.260473
0.259135
0.257804
0.25648
0.255163
0.253853
0.252549
0.251253
0.249963
0.24868
0.247404
0.246134
0.244871
0.243614
0.242364
0.241121
0.239884
0.238654
0.23743
0.236212
0.235001
0.233796
0.232597
0.231404
0.230218
0.229038
0.227864
0.226696
0.225535
0.224379
0.223229
0.222085
0.220948
0.219816
0.21869
0.21757
0.216456
0.215347
0.214244
0.213147
0.212056
0.210971
0.209891
0.208816
0.207747
0.206684
0.205627
0.204574
0.203528
0.202486
0.20145
0.20042
0.199395
0.198375
0.19736
0.196351
0.195347
0.194348
0.193354
0.192365
0.191382
0.190404
0.18943
0.188462
0.187499
0.186541
0.185587
0.184639
0.183696
0.182757
0.181823
0.180895
0.17997
0.179051
0.178137
0.177227
0.176322
0.175421
0.174526
0.173634
0.172748
0.171866
0.170989
0.170116
0.169247
0.168384
0.167524
0.166669
0.165819
0.164972
0.164131
0.163293
0.16246
0.161631
0.160807
0.159986
0.15917
0.158359
0.157551
0.156747
0.155948
0.155153
0.154362
0.153575
0.152792
0.152013
0.151238
0.150467
0.1497
0.148937
0.148178
0.147422
0.146671
0.145924
0.14518
0.14444
0.143704
0.142972
0.142244
0.141519
0.140798
0.140081
0.139367
0.138658
0.137951
0.137249
0.13655
0.135854
0.135163
0.134474
0.13379
0.133108
0.132431
0.131757
0.131086
0.130419
0.129755
0.129094
0.128437
0.127783
0.127133
0.126486
0.125842
0.125202
0.124565
0.123931
0.123301
0.122673
0.122049
0.121428
0.120811
0.120196
0.119585
0.118976
0.118371
0.117769
0.11717
0.116574
0.115981
0.115392
0.114805
0.114221
0.113641
0.113063
0.112488
0.111916
0.111347
0.110781
0.110218
0.109658
0.1091
0.108546
0.107994
0.107445
0.106899
0.106356
0.105815
0.105278
0.104743
0.10421
0.103681
0.103154
0.10263
0.102109
0.10159
0.101074
0.10056
0.10005
0.0995414
0.0990358
0.0985328
0.0980323
0.0975345
0.0970391
0.0965463
0.096056
0.0955683
0.0950829
0.0946002
0.0941198
0.0936419
0.0931665
0.0926935
0.0922229
0.0917546
0.0912889
0.0908255
0.0903644
0.0899057
0.0894493
0.0889953
0.0885436
0.0880942
0.0876471
0.0872022
0.0867597
0.0863194
0.0858814
0.0854455
0.085012
0.0845806
0.0841514
0.0837245
0.0832996
0.082877
0.0824565
0.0820382
0.081622
0.0812079
0.080796
0.0803861
0.0799783
0.0795727
0.079169
0.0787675
0.078368
0.0779705
0.0775751
0.0771817
0.0767902
0.0764009
0.0760133
0.0756279
0.0752444
0.0748629
0.0744833
0.0741056
0.0737298
0.073356
0.0729841
0.072614
0.0722459
0.0718796
0.0715152
0.0711527
0.070792
0.0704332
0.0700762
0.069721
0.0693676
0.0690159
0.0686661
0.0683181
0.0679718
0.0676273
0.0672846
0.0669436
0.0666044
0.0662669
0.0659311
0.065597
0.0652646
0.0649338
0.0646048
0.0642774
0.0639517
0.0636277
0.0633053
0.0629846
0.0626655
0.062348
0.0620322
0.0617178
0.0614052
0.0610941
0.0607847
0.0604768
0.0601704
0.0598656
0.0595624
0.0592607
0.0589605
0.0586619
0.0583648
0.0580691
0.0577751
0.0574824
0.0571913
0.0569017
0.0566135
0.0563268
0.0560416
0.0557578
0.0554755
0.0551945
0.054915
0.054637
0.0543603
0.0540851
0.0538113
0.0535388
0.0532677
0.052998
0.0527297
0.0524627
0.0521971
0.0519329
0.0516699
0.0514084
0.0511481
0.0508892
0.0506316
0.0503753
0.0501203
0.0498666
0.0496142
0.0493631
0.0491132
0.0488646
0.0486172
0.0483712
0.0481264
0.0478828
0.0476405
0.0473994
0.0471595
0.0469208
0.0466834
0.0464471
0.0462121
0.0459783
0.0457455
0.045514
0.0452837
0.0450546
0.0448266
0.0445998
0.0443741
0.0441496
0.0439262
0.0437039
0.0434828
0.0432628
0.0430439
0.0428261
0.0426095
0.0423939
0.0421794
0.0419661
0.0417537
0.0415425
0.0413324
0.0411232
0.0409152
0.0407083
0.0405023
0.0402974
0.0400936
0.0398908
0.039689
0.0394883
0.0392886
0.0390898
0.0388921
0.0386954
0.0384997
0.0383049
0.0381112
0.0379185
0.0377267
0.0375359
0.037346
0.0371572
0.0369693
0.0367823
0.0365963
0.0364113
0.0362271
0.0360439
0.0358616
0.0356803
0.0354999
0.0353204
0.0351418
0.034964
0.0347872
0.0346114
0.0344364
0.0342622
0.034089
0.0339166
0.0337451
0.0335745
0.0334048
0.0332359
0.0330678
0.0329006
0.0327343
0.0325688
0.0324042
0.0322403
0.0320773
0.0319151
0.0317538
0.0315933
0.0314335
0.0312746
0.0311166
0.0309593
0.0308028
0.030647
0.0304921
0.030338
0.0301846
0.030032
0.0298802
0.0297292
0.0295789
0.0294294
0.0292807
0.0291327
0.0289854
0.0288389
0.0286931
0.0285481
0.0284038
0.0282602
0.0281174
0.0279753
0.0278339
0.0276932
0.0275533
0.027414
0.0272754
0.0271376
0.0270005
0.026864
0.0267282
0.0265932
0.0264588
0.0263251
0.026192
0.0260597
0.025928
0.025797
0.0256666
0.0255369
0.0254079
0.0252795
0.0251517
0.0250246
0.0248982
0.0247724
0.0246472
0.0245226
0.0243988
0.0242755
0.0241528
0.0240308
0.0239093
0.0237886
0.0236683
0.0235488
0.0234298
0.0233114
0.0231936
0.0230764
0.0229598
0.0228439
0.0227284
0.0226136
0.0224993
0.0223857
0.0222726
0.02216
0.0220481
0.0219367
0.0218259
0.0217156
0.0216059
0.0214968
0.0213882
0.0212801
0.0211726
0.0210657
0.0209592
0.0208534
0.020748
0.0206432
0.0205389
0.0204352
0.020332
0.0202292
0.0201271
0.0200254
0.0199242
0.0198236
0.0197235
0.0196238
0.0195247
0.0194261
0.0193279
0.0192303
0.0191332
0.0190366
0.0189404
0.0188447
0.0187495
0.0186548
0.0185606
0.0184669
0.0183736
0.0182808
0.0181885
0.0180966
0.0180052
0.0179143
0.0178238
0.0177338
0.0176442
0.0175551
0.0174664
0.0173782
0.0172905
0.0172031
0.0171163
0.0170298
0.0169438
0.0168582
0.0167731
0.0166884
0.0166041
0.0165203
0.0164369
0.0163538
0.0162712
0.0161891
0.0161073
0.016026
0.015945
0.0158645
0.0157844
0.0157047
0.0156254
0.0155465
0.015468
0.0153899
0.0153122
0.0152348
0.0151579
0.0150814
0.0150052
0.0149295
0.0148541
0.0147791
0.0147044
0.0146302
0.0145563
