23.5925
23.5448
23.5059
23.4723
23.4423
23.4149
23.3896
23.3659
23.3436
23.3225
23.3023
23.283
23.2645
23.2467
23.2295
23.2128
23.1967
23.181
23.1657
23.1509
23.1364
23.1222
23.1084
23.0948
23.0816
23.0686
23.0558
23.0433
23.031
23.0189
23.007
22.9953
22.9838
22.9725
22.9613
22.9503
22.9394
22.9287
22.9182
22.9077
22.8974
22.8873
22.8772
22.8673
22.8575
22.8478
22.8382
22.8287
22.8193
22.81
22.8008
22.7917
22.7827
22.7737
22.7649
22.7561
22.7474
22.7388
22.7303
22.7218
22.7134
22.7051
22.6968
22.6887
22.6805
22.6725
22.6645
22.6566
22.6487
22.6409
22.6331
22.6254
22.6178
22.6102
22.6026
22.5952
22.5877
22.5803
22.573
22.5657
22.5585
22.5513
22.5441
22.537
22.5299
22.5229
22.5159
22.509
22.5021
22.4952
22.4884
22.4817
22.4749
22.4682
22.4615
22.4549
22.4483
22.4418
22.4352
22.4287
22.4223
22.4159
22.4095
22.4031
22.3968
22.3905
22.3842
22.378
22.3718
22.3656
22.3595
22.3533
22.3473
22.3412
22.3352
22.3292
22.3232
22.3172
22.3113
22.3054
22.2995
22.2937
22.2878
22.282
22.2763
22.2705
22.2648
22.2591
22.2534
22.2477
22.2421
22.2365
22.2309
22.2253
22.2198
22.2143
22.2088
22.2033
22.1978
22.1924
22.187
22.1816
22.1762
22.1708
22.1655
22.1602
22.1548
22.1496
22.1443
22.139
22.1338
22.1286
22.1234
22.1182
22.1131
22.1079
22.1028
22.0977
22.0926
22.0876
22.0825
22.0775
22.0724
22.0674
22.0624
22.0575
22.0525
22.0476
22.0426
22.0377
22.0328
22.0279
22.0231
22.0182
22.0134
22.0086
22.0038
21.999
21.9942
21.9894
21.9847
21.9799
21.9752
21.9705
21.9658
21.9611
21.9564
21.9518
21.9471
21.9425
21.9379
21.9333
21.9287
21.9241
21.9195
21.915
21.9104
21.9059
21.9014
21.8969
21.8924
21.8879
21.8834
21.879
21.8745
21.8701
21.8657
21.8613
21.8569
21.8525
21.8481
21.8437
21.8394
21.835
21.8307
21.8263
21.822
21.8177
21.8134
21.8091
21.8049
21.8006
21.7964
21.7921
21.7879
21.7837
21.7794
21.7752
21.7711
21.7669
21.7627
21.7585
21.7544
21.7502
21.7461
21.742
21.7379
21.7337
21.7296
21.7256
21.7215
21.7174
21.7133
21.7093
21.7052
21.7012
21.6972
21.6932
21.6892
21.6852
21.6812
21.6772
21.6732
21.6692
21.6653
21.6613
21.6574
21.6534
21.6495
21.6456
21.6417
21.6378
21.6339
21.63
21.6261
21.6223
21.6184
21.6145
21.6107
21.6069
21.603
21.5992
21.5954
21.5916
21.5878
21.584
21.5802
21.5764
21.5726
21.5689
21.5651
21.5614
21.5576
21.5539
21.5501
21.5464
21.5427
21.539
21.5353
21.5316
21.5279
21.5242
21.5206
21.5169
21.5132
21.5096
21.5059
21.5023
21.4987
21.495
21.4914
21.4878
21.4842
21.4806
21.477
21.4734
21.4698
21.4662
21.4627
21.4591
21.4555
21.452
21.4484
21.4449
21.4414
21.4378
21.4343
21.4308
21.4273
21.4238
21.4203
21.4168
21.4133
21.4098
21.4064
21.4029
21.3994
21.396
21.3925
21.3891
21.3856
21.3822
21.3788
21.3753
21.3719
21.3685
21.3651
21.3617
21.3583
21.3549
21.3515
21.3481
21.3448
21.3414
21.338
21.3347
21.3313
21.328
21.3246
21.3213
21.318
21.3146
21.3113
21.308
21.3047
21.3014
21.2981
21.2948
21.2915
21.2882
21.2849
21.2816
21.2784
21.2751
21.2718
21.2686
21.2653
21.2621
21.2588
21.2556
21.2523
21.2491
21.2459
21.2427
21.2395
21.2362
21.233
21.2298
21.2266
21.2234
21.2203
21.2171
21.2139
21.2107
21.2075
21.2044
21.2012
21.1981
21.1949
21.1918
21.1886
21.1855
21.1823
21.1792
21.1761
21.173
21.1699
21.1667
21.1636
21.1605
21.1574
21.1543
21.1512
21.1482
21.1451
21.142
21.1389
21.1358
21.1328
21.1297
21.1266
21.1236
21.1205
21.1175
21.1144
21.1114
21.1084
21.1053
21.1023
21.0993
21.0963
21.0933
21.0902
21.0872
21.0842
21.0812
21.0782
21.0752
21.0723
21.0693
21.0663
21.0633
21.0603
21.0574
21.0544
21.0514
21.0485
21.0455
21.0426
21.0396
21.0367
21.0338
21.0308
21.0279
21.025
21.022
21.0191
21.0162
21.0133
21.0104
21.0075
21.0046
21.0017
20.9988
20.9959
20.993
20.9901
20.9872
20.9843
20.9814
20.9786
20.9757
20.9728
20.97
20.9671
20.9643
20.9614
20.9586
20.9557
20.9529
20.95
20.9472
20.9444
20.9415
20.9387
20.9359
20.9331
20.9302
20.9274
20.9246
20.9218
20.919
20.9162
20.9134
20.9106
20.9078
20.905
20.9023
20.8995
20.8967
20.8939
20.8912
20.8884
20.8856
20.8829
20.8801
20.8773
20.8746
20.8718
20.8691
20.8663
20.8636
20.8609
20.8581
20.8554
20.8527
20.8499
20.8472
20.8445
20.8418
20.8391
20.8363
20.8336
20.8309
20.8282
20.8255
20.8228
20.8201
20.8174
20.8148
20.8121
20.8094
20.8067
20.804
20.8014
20.7987
20.796
20.7933
20.7907
20.788
20.7854
20.7827
20.7801
20.7774
20.7748
20.7721
20.7695
20.7668
20.7642
20.7616
20.7589
20.7563
20.7537
20.7511
20.7484
20.7458
20.7432
20.7406
20.738
20.7354
20.7328
20.7302
20.7276
20.725
20.7224
20.7198
20.7172
20.7146
20.712
20.7095
20.7069
20.7043
20.7017
20.6992
20.6966
20.694
20.6915
20.6889
20.6863
20.6838
20.6812
20.6787
20.6761
20.6736
20.671
20.6685
20.666
20.6634
20.6609
20.6584
20.6558
20.6533
20.6508
20.6483
20.6457
20.6432
20.6407
20.6382
20.6357
20.6332
20.6307
20.6282
20.6257
20.6232
20.6207
20.6182
20.6157
20.6132
20.6107
20.6082
20.6058
20.6033
20.6008
20.5983
20.5958
20.5934
20.5909
20.5884
20.586
20.5835
20.5811
20.5786
20.5761
20.5737
20.5712
20.5688
20.5664
20.5639
20.5615
20.559
20.5566
20.5542
20.5517
20.5493
20.5469
20.5444
20.542
20.5396
20.5372
20.5348
20.5323
20.5299
20.5275
20.5251
20.5227
20.5203
20.5179
20.5155
20.5131
20.5107
20.5083
20.5059
20.5035
20.5011
20.4987
20.4964
20.494
20.4916
20.4892
20.4868
20.4845
20.4821
20.4797
20.4774
20.475
20.4726
20.4703
20.4679
20.4656
20.4632
20.4609
20.4585
20.4562
20.4538
20.4515
20.4491
20.4468
20.4444
20.4421
20.4398
20.4374
20.4351
20.4328
20.4304
20.4281
20.4258
20.4235
20.4211
20.4188
20.4165
20.4142
20.4119
20.4096
20.4073
20.4049
20.4026
20.4003
20.398
20.3957
20.3934
20.3911
20.3888
20.3866
20.3843
20.382
20.3797
20.3774
20.3751
20.3728
20.3706
20.3683
20.366
20.3637
20.3615
20.3592
20.3569
20.3547
20.3524
20.3501
20.3479
20.3456
20.3434
20.3411
20.3388
20.3366
20.3343
20.3321
20.3298
20.3276
20.3254
20.3231
20.3209
20.3186
20.3164
20.3142
20.3119
20.3097
20.3075
20.3052
20.303
20.3008
20.2986
20.2963
20.2941
20.2919
20.2897
20.2875
20.2853
20.2831
20.2808
20.2786
20.2764
20.2742
20.272
20.2698
20.2676
20.2654
20.2632
20.261
20.2588
20.2567
20.2545
20.2523
20.2501
20.2479
20.2457
20.2435
20.2414
20.2392
20.237
20.2348
20.2327
20.2305
20.2283
20.2261
20.224
20.2218
20.2197
20.2175
20.2153
20.2132
20.211
20.2089
20.2067
20.2045
20.2024
20.2002
20.1981
20.196
20.1938
20.1917
20.1895
20.1874
20.1852
20.1831
20.181
20.1788
20.1767
20.1746
20.1724
20.1703
20.1682
20.1661
20.1639
20.1618
20.1597
20.1576
20.1555
20.1533
20.1512
20.1491
20.147
20.1449
20.1428
20.1407
20.1386
20.1365
20.1344
20.1323
20.1302
20.1281
20.126
20.1239
20.1218
20.1197
20.1176
20.1155
20.1134
20.1113
20.1093
20.1072
20.1051
20.103
20.1009
20.0989
20.0968
20.0947
20.0926
20.0906
20.0885
20.0864
20.0843
20.0823
20.0802
20.0781
20.0761
20.074
20.072
20.0699
20.0679
20.0658
20.0637
20.0617
20.0596
20.0576
20.0555
20.0535
20.0514
20.0494
20.0474
20.0453
20.0433
20.0412
20.0392
20.0372
20.0351
20.0331
20.0311
20.029
20.027
20.025
20.0229
20.0209
20.0189
20.0169
20.0149
20.0128
20.0108
20.0088
20.0068
20.0048
20.0028
20.0007
19.9987
19.9967
19.9947
19.9927
19.9907
19.9887
19.9867
19.9847
19.9827
19.9807
19.9787
19.9767
19.9747
19.9727
19.9707
19.9687
19.9667
19.9647
19.9628
19.9608
19.9588
19.9568
19.9548
19.9528
19.9509
19.9489
19.9469
19.9449
19.9429
19.941
19.939
19.937
19.9351
19.9331
19.9311
19.9292
19.9272
19.9252
19.9233
19.9213
19.9193
19.9174
19.9154
19.9135
19.9115
19.9096
19.9076
19.9056
19.9037
19.9017
19.8998
19.8979
19.8959
19.894
19.892
19.8901
19.8881
19.8862
19.8843
19.8823
19.8804
19.8784
19.8765
19.8746
19.8727
19.8707
19.8688
19.8669
19.8649
19.863
19.8611
19.8592
19.8572
19.8553
19.8534
19.8515
19.8496
19.8476
19.8457
19.8438
19.8419
19.84
19.8381
19.8362
19.8343
19.8324
19.8304
19.8285
19.8266
19.8247
19.8228
19.8209
19.819
19.8171
19.8152
19.8133
19.8114
19.8096
19.8077
19.8058
19.8039
19.802
19.8001
19.7982
19.7963
19.7944
19.7926
19.7907
19.7888
19.7869
19.785
19.7832
19.7813
19.7794
19.7775
19.7757
19.7738
19.7719
19.77
19.7682
19.7663
19.7644
19.7626
19.7607
19.7588
19.757
19.7551
