23.3662
23.0764
22.7904
22.5082
22.2298
21.955
21.684
21.4165
21.1526
20.8922
20.6352
20.3817
20.1315
19.8847
19.6411
19.4008
19.1637
18.9297
18.6989
18.4711
18.2463
18.0246
17.8057
17.5898
17.3768
17.1666
16.9591
16.7545
16.5525
16.3533
16.1567
15.9627
15.7713
15.5824
15.396
15.2121
15.0307
14.8516
14.675
14.5007
14.3287
14.159
13.9915
13.8263
13.6633
13.5024
13.3437
13.1871
13.0325
12.88
12.7296
12.5811
12.4346
12.2901
12.1474
12.0067
11.8678
11.7308
11.5956
11.4622
11.3306
11.2007
11.0725
10.9461
10.8213
10.6982
10.5767
10.4568
10.3385
10.2218
10.1067
9.99301
9.88088
9.77024
9.66107
9.55335
9.44705
9.34217
9.23867
9.13655
9.03579
8.93636
8.83825
8.74144
8.64592
8.55166
8.45866
8.36688
8.27633
8.18697
8.0988
8.0118
7.92595
7.84124
7.75766
7.67518
7.59379
7.51348
7.43424
7.35605
7.2789
7.20276
7.12764
7.05351
6.98036
6.90818
6.83696
6.76668
6.69733
6.62891
6.56138
6.49475
6.42901
6.36413
6.30011
6.23694
6.17461
6.1131
6.05241
5.99252
5.93342
5.8751
5.81756
5.76077
5.70474
5.64945
5.59489
5.54105
5.48792
5.4355
5.38377
5.33272
5.28235
5.23264
5.18359
5.13519
5.08743
5.0403
4.99379
4.9479
4.90261
4.85792
4.81382
4.77031
4.72736
4.68499
4.64317
4.60191
4.56119
4.52101
4.48135
4.44222
4.40361
4.36551
4.32791
4.2908
4.25418
4.21805
4.18239
4.1472
4.11248
4.07821
4.0444
4.01103
3.9781
3.9456
3.91353
3.88189
3.85066
3.81984
3.78942
3.75941
3.72979
3.70056
3.67172
3.64325
3.61516
3.58743
3.56008
3.53308
3.50643
3.48014
3.45419
3.42858
3.40331
3.37837
3.35375
3.32946
3.30549
3.28183
3.25849
3.23544
3.2127
3.19026
3.16811
3.14626
3.12469
3.1034
3.08239
3.06165
3.04119
3.02099
3.00106
2.98138
2.96197
2.94281
2.9239
2.90523
2.88681
2.86863
2.85069
2.83298
2.8155
2.79825
2.78123
2.76443
2.74784
2.73147
2.71532
2.69937
2.68364
2.6681
2.65277
2.63764
2.62271
2.60796
2.59342
2.57906
2.56488
2.55089
2.53708
2.52345
2.51
2.49672
2.48362
2.47068
2.45791
2.44531
2.43286
2.42058
2.40846
2.3965
2.38469
2.37303
2.36152
2.35016
2.33895
2.32788
2.31696
2.30617
2.29552
2.28502
2.27464
2.2644
2.25429
2.24431
2.23446
2.22473
2.21513
2.20566
2.1963
2.18707
2.17795
2.16895
2.16006
2.15129
2.14263
2.13408
2.12564
2.1173
2.10908
2.10095
2.09293
2.08502
2.0772
2.06948
2.06186
2.05434
2.04691
2.03958
2.03234
2.02519
2.01814
2.01117
2.00429
1.99749
1.99078
1.98416
1.97762
1.97116
1.96479
1.95849
1.95227
1.94613
1.94007
1.93408
1.92817
1.92233
1.91657
1.91088
1.90526
1.89971
1.89422
1.88881
1.88346
1.87818
1.87297
1.86782
1.86273
1.85771
1.85275
1.84785
1.84301
1.83823
1.83351
1.82885
1.82424
1.81969
1.8152
1.81076
1.80638
1.80205
1.79778
1.79355
1.78938
1.78526
1.78118
1.77716
1.77319
1.76926
1.76539
1.76156
1.75777
1.75403
1.75034
1.74669
1.74308
1.73952
1.736
1.73253
1.72909
1.7257
1.72234
1.71903
1.71575
1.71252
1.70932
1.70616
1.70304
1.69995
1.6969
1.69389
1.69091
1.68797
1.68506
1.68219
1.67935
1.67654
1.67377
1.67103
1.66831
1.66564
1.66299
1.66037
1.65778
1.65523
1.6527
1.6502
1.64773
1.64529
1.64287
1.64048
1.63812
1.63579
1.63348
1.6312
1.62895
1.62672
1.62451
1.62233
1.62018
1.61805
1.61594
1.61386
1.61179
1.60976
1.60774
1.60575
1.60378
1.60182
1.5999
1.59799
1.5961
1.59423
1.59239
1.59056
1.58876
1.58697
1.5852
1.58345
1.58172
1.58001
1.57831
1.57664
1.57498
1.57334
1.57171
1.57011
1.56852
1.56694
1.56539
1.56385
1.56232
1.56081
1.55932
1.55784
1.55638
1.55493
1.55349
1.55207
1.55067
1.54928
1.5479
1.54654
1.54518
1.54385
1.54253
1.54121
1.53992
1.53863
1.53736
1.5361
1.53485
1.53362
1.53239
1.53118
1.52998
1.52879
1.52761
1.52644
1.52529
1.52414
1.52301
1.52188
1.52077
1.51967
1.51857
1.51749
1.51642
1.51535
1.5143
1.51325
1.51222
1.51119
1.51017
1.50917
1.50817
1.50718
1.50619
1.50522
1.50426
1.5033
1.50235
1.50141
1.50048
1.49955
1.49864
1.49773
1.49682
1.49593
1.49504
1.49416
1.49329
1.49243
1.49157
1.49071
1.48987
1.48903
1.4882
1.48737
1.48656
1.48574
1.48494
1.48414
1.48334
1.48256
1.48177
1.481
1.48023
1.47946
1.47871
1.47795
1.4772
1.47646
1.47573
1.47499
1.47427
1.47355
1.47283
1.47212
1.47141
1.47071
1.47001
1.46932
1.46864
1.46795
1.46728
1.4666
1.46593
1.46527
1.46461
1.46395
1.4633
1.46265
1.46201
1.46137
1.46073
1.4601
1.45948
1.45885
1.45823
1.45762
1.457
1.45639
1.45579
1.45519
1.45459
1.454
1.4534
1.45282
1.45223
1.45165
1.45107
1.4505
1.44993
1.44936
1.44879
1.44823
1.44767
1.44711
1.44656
1.44601
1.44546
1.44492
1.44438
1.44384
1.4433
1.44277
1.44223
1.4417
1.44118
1.44066
1.44013
1.43962
1.4391
1.43859
1.43807
1.43756
1.43706
1.43655
1.43605
1.43555
1.43505
1.43456
1.43406
1.43357
1.43308
1.4326
1.43211
1.43163
1.43115
1.43067
1.43019
1.42971
1.42924
1.42877
1.4283
1.42783
1.42736
1.4269
1.42644
1.42598
1.42552
1.42506
1.4246
1.42415
1.4237
1.42324
1.4228
1.42235
1.4219
1.42146
1.42101
1.42057
1.42013
1.41969
1.41925
1.41882
1.41838
1.41795
1.41752
1.41709
1.41666
1.41623
1.4158
1.41538
1.41495
1.41453
1.41411
1.41369
1.41327
1.41285
1.41243
1.41201
1.4116
1.41119
1.41077
1.41036
1.40995
1.40954
1.40913
1.40873
1.40832
1.40791
1.40751
1.40711
1.4067
1.4063
1.4059
1.4055
1.4051
1.40471
1.40431
1.40391
1.40352
1.40313
1.40273
1.40234
1.40195
1.40156
1.40117
1.40078
1.40039
1.4
1.39962
1.39923
1.39885
1.39846
1.39808
1.39769
1.39731
1.39693
1.39655
1.39617
1.39579
1.39541
1.39504
1.39466
1.39428
1.39391
1.39353
1.39316
1.39278
1.39241
1.39204
1.39166
1.39129
1.39092
1.39055
1.39018
1.38981
1.38944
1.38908
1.38871
1.38834
1.38797
1.38761
1.38724
1.38688
1.38651
1.38615
1.38579
1.38542
1.38506
1.3847
1.38434
1.38398
1.38362
1.38326
1.3829
1.38254
1.38218
1.38182
1.38147
1.38111
1.38075
1.3804
1.38004
1.37969
1.37933
1.37898
1.37862
1.37827
1.37791
1.37756
1.37721
1.37686
1.3765
1.37615
1.3758
1.37545
1.3751
1.37475
1.3744
1.37405
1.3737
1.37336
1.37301
1.37266
1.37231
1.37196
1.37162
1.37127
1.37092
1.37058
1.37023
1.36989
1.36954
1.3692
1.36885
1.36851
1.36817
1.36782
1.36748
1.36714
1.36679
1.36645
1.36611
1.36577
1.36543
1.36509
1.36474
1.3644
1.36406
1.36372
1.36338
1.36304
1.3627
1.36237
1.36203
1.36169
1.36135
1.36101
1.36067
1.36034
1.36
1.35966
1.35932
1.35899
1.35865
1.35832
1.35798
1.35764
1.35731
1.35697
1.35664
1.3563
1.35597
1.35563
1.3553
1.35496
1.35463
1.3543
1.35396
1.35363
1.3533
1.35296
1.35263
1.3523
1.35197
1.35164
1.3513
1.35097
1.35064
1.35031
1.34998
1.34965
1.34932
1.34899
1.34865
1.34832
1.34799
1.34766
1.34734
1.34701
1.34668
1.34635
1.34602
1.34569
1.34536
1.34503
1.3447
1.34438
1.34405
1.34372
1.34339
1.34306
1.34274
1.34241
1.34208
1.34176
1.34143
1.3411
1.34078
1.34045
1.34012
1.3398
1.33947
1.33914
1.33882
1.33849
1.33817
1.33784
1.33752
1.33719
1.33687
1.33654
1.33622
1.3359
1.33557
1.33525
1.33492
1.3346
1.33427
1.33395
1.33363
1.3333
1.33298
1.33266
1.33234
1.33201
1.33169
1.33137
1.33105
1.33072
1.3304
1.33008
1.32976
1.32943
1.32911
1.32879
1.32847
1.32815
1.32783
1.32751
1.32719
1.32686
1.32654
1.32622
1.3259
1.32558
1.32526
1.32494
1.32462
1.3243
1.32398
1.32366
1.32334
1.32302
1.3227
1.32238
1.32207
1.32175
1.32143
1.32111
1.32079
1.32047
1.32015
1.31983
1.31952
1.3192
1.31888
1.31856
1.31824
1.31793
1.31761
1.31729
1.31697
1.31666
1.31634
1.31602
1.3157
1.31539
1.31507
1.31475
1.31444
1.31412
1.3138
1.31349
1.31317
1.31286
1.31254
1.31222
1.31191
1.31159
1.31128
1.31096
1.31065
1.31033
1.31001
1.3097
1.30938
1.30907
1.30875
1.30844
1.30813
1.30781
1.3075
1.30718
1.30687
1.30655
1.30624
1.30592
1.30561
1.3053
1.30498
1.30467
1.30436
1.30404
1.30373
1.30342
1.3031
1.30279
1.30248
1.30216
1.30185
1.30154
1.30122
1.30091
1.3006
1.30029
1.29997
1.29966
1.29935
1.29904
1.29873
1.29841
1.2981
1.29779
1.29748
1.29717
1.29686
1.29654
1.29623
1.29592
1.29561
1.2953
1.29499
1.29468
1.29437
1.29406
1.29375
1.29343
1.29312
1.29281
1.2925
1.29219
1.29188
1.29157
1.29126
1.29095
1.29064
1.29033
1.29002
1.28971
1.2894
1.2891
1.28879
1.28848
1.28817
1.28786
1.28755
1.28724
1.28693
1.28662
1.28631
1.28601
1.2857
1.28539
1.28508
1.28477
1.28446
1.28416
1.28385
1.28354
1.28323
1.28292
1.28262
1.28231
1.282
