2.30259
2.19417
2.07774
1.99774
1.89362
1.89392
1.84239
1.73591
1.65293
1.62149
1.62688
1.56189
1.52911
1.41286
1.39095
1.39078
1.26298
1.19603
1.20248
1.17331
1.15238
1.01993
1.08107
1.09057
1.12361
0.996214
1.02042
1.0638
0.8826
0.991696
1.11447
0.941833
0.993465
0.971458
0.929169
0.983251
0.847307
0.897824
0.842012
0.87515
0.828682
0.873055
0.804554
0.887559
0.839336
0.647316
0.83632
0.848815
0.825291
0.806507
0.768602
0.871529
0.681292
0.751722
0.610685
0.691526
0.737953
0.780894
0.751141
0.667482
0.54644
0.603685
0.666654
0.615553
0.717644
0.500085
0.629113
0.67583
0.828024
0.709564
0.735596
0.703208
0.974161
0.846425
0.709114
0.685079
0.754649
0.765225
0.685537
0.69268
0.572059
0.715949
0.84864
0.616197
0.720902
0.481401
0.760141
0.918436
0.875818
0.575191
0.533892
0.579172
0.687362
0.6294
0.584362
0.632918
0.54674
0.595813
0.489902
0.469821
0.569859
0.562081
0.641876
0.385544
0.47922
0.454903
0.497324
0.666698
0.465113
0.527213
0.423173
0.510363
0.596196
0.503128
0.453231
0.714072
0.661623
0.760159
0.55384
0.535988
0.526841
0.517568
0.583116
0.659133
0.623747
0.690031
0.776649
0.563993
0.494894
0.677815
0.82772
0.677713
0.49011
0.612156
0.402739
0.388506
0.640844
0.629224
0.574646
0.764832
0.591111
0.640077
0.658361
0.781013
0.523649
0.706196
0.860343
0.874178
0.624971
0.493585
0.404708
0.66081
0.517006
0.471938
0.48779
0.518673
0.446331
0.75955
0.706616
0.599252
0.635023
0.503746
0.492388
0.454328
0.436857
0.481823
0.546236
0.600241
0.578845
0.651223
0.60618
0.517916
0.608658
0.37752
0.572251
0.758363
0.622128
0.659216
0.624838
0.385755
0.478063
0.353418
0.444998
0.427321
0.573597
0.453462
0.455033
0.413659
0.427792
0.4209
0.558951
0.512005
0.51008
0.512192
0.395565
0.547688
0.325223
0.267957
0.499487
0.538087
0.6387
0.534795
0.524717
0.41974
0.328329
0.50034
0.420468
0.556405
0.549869
0.687382
0.480181
0.428652
0.318852
0.550023
0.403912
0.51657
0.433262
0.355025
0.2888
0.394046
0.387546
0.621703
0.550438
0.342902
0.579643
0.860425
0.527295
0.463143
0.370794
0.311926
0.486847
0.471444
0.370858
0.436962
0.435528
0.419409
0.499611
0.529202
0.538508
0.481853
0.429811
0.390365
0.60094
0.411984
0.484578
0.487657
0.514061
0.665718
0.420289
0.573672
0.39393
0.416132
0.430582
0.439187
0.333297
0.36679
0.368824
0.379047
0.49054
0.428544
0.341721
0.33923
0.411964
0.595561
0.531686
0.514403
0.591089
0.589004
0.531472
0.379618
0.334771
0.582638
0.449037
0.396381
0.476056
0.378097
0.461043
0.494647
0.417138
0.329126
0.272863
0.461347
0.356606
0.560859
0.347604
0.384103
0.697125
0.43933
0.318298
0.403283
0.455988
0.632852
0.46731
0.491732
0.366902
0.443167
0.407021
0.594834
0.613963
0.635158
0.53324
0.672078
0.39412
0.385949
0.474769
0.512946
0.651034
0.459842
0.575552
0.407925
0.449426
0.573665
0.525169
0.742035
0.516383
0.405386
0.602618
0.658831
0.435301
0.452483
0.419368
0.556832
0.623605
0.604906
0.624152
0.488919
0.389855
0.516386
0.386479
0.36913
0.498826
0.367286
0.460313
0.563816
0.450867
0.428859
0.308244
0.382942
0.225308
0.247141
0.422268
0.320923
0.284239
0.356895
0.495813
0.525778
0.494285
0.496004
0.605635
0.413768
0.320333
0.433287
0.435679
0.360612
0.457888
0.330763
0.512126
0.33081
0.336621
0.452803
0.55285
0.378318
0.290685
0.342085
0.566757
0.315726
0.232049
0.385009
0.424358
0.294327
0.450567
0.459633
0.487212
0.711471
0.762302
0.566589
0.369467
0.420391
0.431082
0.455117
0.436884
0.294489
0.449935
0.481961
0.289618
0.593308
0.532469
0.360266
0.250641
0.300665
0.293698
0.355404
0.33348
0.650963
0.640976
0.361892
0.474514
0.501539
0.502272
0.529113
0.366616
0.359583
0.356608
0.367436
0.428016
0.443096
0.351306
0.364041
0.295416
0.335765
0.456854
0.362411
0.514313
0.564048
0.586088
0.541593
0.343981
0.474625
0.351087
0.411869
0.413771
0.517096
0.507403
0.61407
0.557584
0.470763
0.351512
0.416508
0.451561
0.542566
0.514286
0.336833
0.408141
0.225037
0.249298
0.357537
0.347865
0.345724
0.477505
0.464132
0.3496
0.524957
0.48357
0.54766
0.453326
0.282118
0.257937
0.360802
0.534856
0.425024
0.582155
0.443311
0.351234
0.282418
0.571799
0.456265
0.436686
0.376243
0.547095
0.467558
0.549599
0.446177
0.589087
0.497175
0.447446
0.287417
0.344112
0.335284
0.326489
0.363132
0.374334
0.331072
0.532914
0.453687
0.431403
0.356118
0.552413
0.43794
0.255398
0.547047
0.305333
0.236214
0.257139
0.558122
0.209394
0.388473
0.325334
0.252071
0.325063
0.583021
0.660646
0.416276
0.453109
0.260701
0.524561
0.783206
0.532747
0.296469
0.601438
0.462912
