3.36
6.48749
12.2662
10.1987
4.98987
1.84293
2.42462
4.76232
5.86306
4.74401
2.55084
0.962697
0.853103
1.8038
2.64202
2.53894
1.60549
0.589905
0.17879
0.484219
1.03863
1.26128
0.955866
0.401026
0.0391812
0.0897837
0.399473
0.624676
0.555926
0.277073
0.0440804
0.0346937
0.202834
0.352061
0.33645
0.186296
0.052095
0.0459771
0.14205
0.221545
0.201225
0.108649
0.0378297
0.0462454
0.10323
0.134412
0.104192
0.0461891
0.0176356
0.0360917
0.0672197
0.0694154
0.0395196
0.0100992
0.00834283
0.027108
0.0382681
0.027388
0.00768436
0.000567889
0.00988188
0.0202867
0.0180692
0.0068052
0.000292829
0.00454161
0.0118653
0.0123048
0.00598221
0.0012632
0.00315613
0.00769844
0.00834001
0.00452328
0.00137865
0.00230759
0.00496115
0.00520344
0.00272267
0.000793832
0.00142748
0.00296282
0.00287164
0.00124461
0.000227977
0.000811179
0.00169602
0.00143576
0.000419735
2.66161e-05
0.000564235
0.00102609
0.000705763
0.000124179
8.78879e-05
0.00050486
0.000666702
0.000356598
7.1402e-05
0.000186208
0.00043555
0.00040685
0.000163821
7.08776e-05
0.000208012
0.000302994
0.000194676
5.28172e-05
6.81419e-05
0.000164057
0.000158591
5.71531e-05
1.1738e-05
6.44077e-05
0.0001024
5.78213e-05
3.95008e-06
1.71566e-05
5.78252e-05
5.20913e-05
1.29009e-05
4.19826e-06
3.11323e-05
4.2118e-05
2.0399e-05
4.40332e-06
1.65754e-05
3.01981e-05
2.09933e-05
5.83372e-06
8.15738e-06
1.8762e-05
1.66274e-05
5.42122e-06
3.13085e-06
9.94617e-06
1.11365e-05
4.13319e-06
6.51731e-07
4.60425e-06
6.94497e-06
3.15036e-06
1.51418e-08
2.1344e-06
4.48108e-06
2.65415e-06
2.43285e-07
1.24348e-06
3.10579e-06
2.28325e-06
5.18733e-07
8.71583e-07
2.16372e-06
1.79026e-06
5.2311e-07
5.5592e-07
1.39881e-06
1.22477e-06
3.42964e-07
2.70878e-07
8.23991e-07
7.52465e-07
1.67957e-07
9.87151e-08
4.77744e-07
4.59651e-07
8.56145e-08
4.7851e-08
3.12246e-07
3.09651e-07
6.90333e-08
5.4561e-08
2.33414e-07
2.24444e-07
6.32242e-08
6.02499e-08
1.74768e-07
1.54482e-07
4.39644e-08
4.79267e-08
1.19114e-07
9.3185e-08
1.95973e-08
2.99553e-08
7.45992e-08
4.92798e-08
4.02142e-09
1.9193e-08
4.69463e-08
2.54771e-08
3.13122e-10
1.66957e-08
3.26211e-08
1.49456e-08
2.3286e-09
1.66264e-08
2.34118e-08
9.27321e-09
4.01737e-09
1.46433e-08
1.54841e-08
4.75063e-09
3.84907e-09
1.07512e-08
8.50123e-09
1.49353e-09
2.97601e-09
7.03983e-09
3.83386e-09
1.01551e-10
2.56577e-09
4.43242e-09
1.51273e-09
1.85086e-10
2.49783e-09
2.83862e-09
6.7223e-10
7.05995e-10
2.2859e-09
1.72513e-09
3.716e-10
9.60085e-10
1.71064e-09
8.23448e-10
2.2105e-10
8.74838e-10
9.93726e-10
2.45041e-10
1.736e-10
6.59227e-10
4.61242e-10
1.50777e-11
2.27335e-10
4.50786e-10
1.70118e-10
2.73559e-11
2.66823e-10
2.82014e-10
6.46452e-11
9.59233e-11
2.42721e-10
1.54955e-10
3.71756e-11
1.30967e-10
1.7225e-10
5.54792e-11
3.52145e-11
1.15392e-10
8.76668e-11
8.78231e-12
4.6299e-11
8.64162e-11
2.72848e-11
5.10525e-12
5.49107e-11
4.51124e-11
4.08207e-12
2.08651e-11
4.74678e-11
2.01545e-11
6.32383e-12
3.05143e-11
2.81517e-11
5.07328e-12
1.19975e-11
2.5441e-11
1.03597e-11
3.11218e-12
1.55076e-11
1.31628e-11
1.26832e-12
6.66489e-12
1.3145e-11
4.00746e-12
1.37845e-12
9.16955e-12
6.2137e-12
3.41061e-13
6.21014e-12
6.21014e-12
6.96332e-13
1.66267e-12
4.36273e-12
1.66267e-12
6.96332e-13
3.18323e-12
1.20792e-12
3.69482e-13
1.29319e-12
9.09495e-13
1.27898e-13
4.68958e-13
5.25802e-13
0.0
5.25802e-13
4.90274e-13
1.42109e-14
2.59348e-13
7.10543e-13
1.13687e-13
3.01981e-13
3.01981e-13
1.27898e-13
1.13687e-13
2.59348e-13
2.27374e-13
1.77636e-14
4.90274e-13
1.1724e-13
3.55271e-15
3.55271e-15
3.55271e-15
3.55271e-15
3.55271e-15
3.55271e-15
3.55271e-15
3.55271e-15
3.55271e-15
3.55271e-15
3.55271e-15
3.55271e-15
3.55271e-15
3.55271e-15
3.55271e-15
3.55271e-15
3.55271e-15
3.55271e-15
3.55271e-15
3.55271e-15
3.55271e-15
3.55271e-15
3.55271e-15
3.55271e-15
0.0
0.0
0.0
0.0
0.0
0.0
0.0
0.0
0.0
0.0
0.0
0.0
0.0
0.0
0.0
0.0
0.0
0.0
0.0
0.0
0.0
0.0
0.0
0.0
0.0
0.0
0.0
0.0
0.0
0.0
0.0
0.0
0.0
0.0
0.0
0.0
0.0
0.0
0.0
0.0
0.0
0.0
0.0
0.0
0.0
0.0
0.0
0.0
0.0
0.0
0.0
0.0
0.0
0.0
0.0
0.0
0.0
0.0
0.0
0.0
0.0
0.0
0.0
0.0
0.0
0.0
0.0
0.0
0.0
0.0
0.0
0.0
0.0
0.0
0.0
0.0
0.0
0.0
0.0
0.0
0.0
0.0
0.0
0.0
0.0
0.0
0.0
0.0
0.0
0.0
0.0
0.0
0.0
0.0
0.0
0.0
0.0
0.0
0.0
0.0
0.0
0.0
0.0
0.0
0.0
0.0
0.0
0.0
0.0
0.0
0.0
0.0
0.0
0.0
0.0
0.0
0.0
0.0
0.0
0.0
0.0
0.0
0.0
0.0
0.0
0.0
0.0
0.0
0.0
0.0
0.0
0.0
0.0
0.0
0.0
0.0
0.0
0.0
0.0
0.0
0.0
0.0
0.0
0.0
0.0
0.0
0.0
0.0
0.0
0.0
0.0
0.0
0.0
0.0
0.0
0.0
0.0
0.0
0.0
0.0
0.0
0.0
0.0
0.0
0.0
0.0
0.0
0.0
0.0
0.0
0.0
0.0
0.0
0.0
0.0
0.0
0.0
0.0
0.0
0.0
0.0
0.0
0.0
0.0
0.0
0.0
0.0
0.0
0.0
0.0
0.0
0.0
0.0
0.0
0.0
0.0
0.0
0.0
0.0
0.0
0.0
0.0
0.0
0.0
0.0
0.0
0.0
0.0
0.0
0.0
0.0
0.0
0.0
0.0
0.0
0.0
0.0
0.0
0.0
0.0
0.0
0.0
0.0
0.0
0.0
0.0
0.0
0.0
0.0
0.0
0.0
0.0
0.0
0.0
0.0
0.0
0.0
0.0
0.0
0.0
0.0
0.0
0.0
0.0
0.0
0.0
0.0
0.0
0.0
0.0
0.0
0.0
0.0
0.0
0.0
0.0
0.0
0.0
0.0
0.0
0.0
0.0
0.0
0.0
0.0
0.0
0.0
0.0
0.0
0.0
0.0
0.0
0.0
0.0
0.0
0.0
0.0
0.0
0.0
0.0
0.0
0.0
0.0
0.0
0.0
0.0
0.0
0.0
0.0
0.0
0.0
0.0
0.0
0.0
0.0
0.0
0.0
0.0
0.0
0.0
0.0
0.0
0.0
0.0
0.0
0.0
0.0
0.0
0.0
0.0
0.0
0.0
0.0
0.0
0.0
0.0
0.0
0.0
0.0
0.0
0.0
0.0
0.0
0.0
0.0
0.0
0.0
0.0
0.0
0.0
0.0
0.0
0.0
0.0
0.0
0.0
0.0
0.0
0.0
0.0
0.0
0.0
0.0
0.0
0.0
0.0
0.0
0.0
0.0
0.0
0.0
0.0
0.0
0.0
0.0
0.0
0.0
0.0
0.0
0.0
0.0
0.0
0.0
0.0
0.0
0.0
0.0
0.0
0.0
0.0
0.0
0.0
0.0
0.0
0.0
0.0
0.0
0.0
0.0
0.0
0.0
0.0
0.0
0.0
0.0
0.0
0.0
0.0
0.0
0.0
0.0
0.0
0.0
0.0
0.0
0.0
0.0
0.0
0.0
0.0
0.0
0.0
0.0
0.0
0.0
0.0
0.0
0.0
0.0
0.0
0.0
0.0
0.0
0.0
0.0
0.0
0.0
0.0
0.0
0.0
0.0
0.0
0.0
0.0
0.0
0.0
0.0
0.0
0.0
0.0
0.0
0.0
0.0
0.0
0.0
0.0
0.0
0.0
0.0
0.0
0.0
0.0
0.0
0.0
0.0
0.0
0.0
0.0
0.0
0.0
0.0
0.0
0.0
0.0
0.0
0.0
0.0
0.0
0.0
0.0
0.0
0.0
0.0
0.0
0.0
0.0
0.0
0.0
0.0
0.0
0.0
0.0
0.0
0.0
0.0
0.0
0.0
0.0
0.0
0.0
0.0
0.0
0.0
0.0
0.0
0.0
0.0
0.0
0.0
0.0
0.0
0.0
0.0
0.0
0.0
0.0
0.0
0.0
0.0
0.0
0.0
0.0
0.0
0.0
0.0
0.0
0.0
0.0
0.0
0.0
0.0
0.0
0.0
0.0
0.0
0.0
0.0
0.0
0.0
0.0
0.0
0.0
0.0
0.0
0.0
0.0
0.0
0.0
0.0
0.0
0.0
0.0
0.0
0.0
0.0
0.0
0.0
0.0
0.0
0.0
0.0
0.0
0.0
0.0
0.0
0.0
0.0
0.0
0.0
0.0
0.0
0.0
0.0
0.0
0.0
0.0
0.0
0.0
0.0
0.0
0.0
0.0
0.0
0.0
0.0
0.0
0.0
0.0
0.0
0.0
0.0
0.0
0.0
0.0
0.0
0.0
0.0
0.0
0.0
0.0
0.0
0.0
0.0
0.0
0.0
0.0
0.0
0.0
0.0
0.0
0.0
0.0
0.0
0.0
0.0
0.0
0.0
0.0
0.0
0.0
0.0
0.0
0.0
0.0
0.0
0.0
0.0
0.0
0.0
0.0
0.0
0.0
0.0
0.0
0.0
0.0
0.0
0.0
0.0
0.0
0.0
0.0
0.0
0.0
0.0
0.0
0.0
0.0
0.0
0.0
0.0
0.0
0.0
0.0
0.0
0.0
0.0
0.0
0.0
0.0
0.0
0.0
0.0
0.0
0.0
0.0
0.0
0.0
0.0
0.0
0.0
0.0
0.0
0.0
0.0
0.0
0.0
0.0
0.0
0.0
0.0
0.0
0.0
0.0
0.0
0.0
0.0
